132 466 161 478 176 504 183 530 192 551 146 528 143 567 141 592 140 611 124 524 118 560 122 569 127 570 106 516 102 546 109 555 117 557 92 508 90 531 97 538 103 538 
133 462 167 476 182 500 190 524 200 546 150 524 147 567 147 592 145 611 128 520 124 561 133 561 137 555 110 513 110 547 122 546 127 540 95 504 98 532 107 533 113 527 
137 454 172 469 187 494 195 519 205 542 154 518 151 562 152 586 151 604 130 514 130 556 140 555 143 548 113 508 116 542 129 539 134 532 99 501 105 529 116 528 121 522 
139 447 175 463 191 489 199 514 208 537 157 514 156 557 156 580 155 599 134 510 133 551 143 548 146 541 116 503 119 537 132 532 137 524 102 496 108 523 119 521 123 514 
141 441 178 458 193 485 201 510 211 533 161 509 159 552 159 575 158 593 138 505 137 546 146 543 150 537 120 498 122 532 135 527 140 518 105 492 112 518 122 516 127 509 
150 427 186 440 200 464 206 488 213 511 167 483 170 527 174 551 179 569 142 483 136 531 137 556 141 572 125 480 115 523 120 547 127 561 115 478 107 509 110 527 117 537 
147 424 178 440 191 466 197 492 205 517 161 483 160 528 162 553 164 571 137 482 129 531 129 559 130 576 119 479 111 524 114 547 120 561 109 475 101 510 104 527 110 537 
143 422 173 441 185 469 191 496 197 522 156 484 154 529 155 555 157 572 132 482 123 531 123 557 127 573 115 479 105 524 111 544 119 554 104 475 97 509 101 525 109 533 
142 420 171 441 182 469 187 497 193 522 152 483 149 528 149 554 152 571 127 481 117 530 122 555 129 568 110 477 101 522 109 542 120 550 101 473 94 508 101 523 111 529 
139 417 168 439 179 468 184 497 189 522 149 482 144 528 143 554 144 572 124 480 114 530 122 549 132 554 108 476 98 521 109 536 120 540 99 472 93 507 102 521 112 524 
137 413 165 435 177 466 181 497 188 522 142 479 142 528 145 553 146 572 117 480 117 532 132 536 141 530 102 478 105 522 122 523 131 516 93 475 98 508 111 512 119 507 
136 408 164 433 177 465 182 497 189 522 143 480 141 530 143 553 143 571 118 480 118 531 132 531 139 522 102 476 105 519 121 518 129 510 94 470 98 504 111 506 118 500 
136 406 165 431 177 463 182 496 189 523 142 479 142 529 144 553 145 572 118 478 118 531 132 531 139 522 102 475 106 519 122 518 130 510 94 470 99 503 112 506 119 500 
137 403 165 429 177 462 182 495 190 521 142 478 142 528 144 553 145 571 118 477 118 531 133 531 141 523 102 473 106 518 122 518 131 510 94 469 99 503 112 506 120 500 
138 401 166 428 178 461 183 495 190 521 142 478 142 528 145 552 146 570 118 477 120 530 134 528 141 519 103 473 107 518 123 516 131 508 94 468 100 502 113 505 121 498 
138 400 167 427 179 460 184 494 191 520 144 477 143 528 146 553 146 571 118 477 120 531 136 529 143 518 103 473 108 518 125 516 133 507 95 468 101 502 114 505 122 498 
139 398 168 426 180 459 184 492 192 519 144 479 144 528 146 552 146 569 119 478 121 530 136 528 144 519 104 473 109 517 125 516 133 507 97 467 101 501 115 504 123 498 
139 397 168 425 180 459 185 492 192 519 145 477 145 528 147 552 148 570 120 476 122 529 137 529 145 521 105 472 110 517 125 517 134 509 97 466 102 501 115 505 123 500 
140 397 169 425 180 458 186 492 193 518 146 476 146 528 148 552 149 571 120 476 123 530 138 530 146 522 105 472 111 518 127 518 135 510 98 467 103 502 116 506 124 501 
141 396 169 424 181 458 186 491 193 518 146 476 146 527 148 551 149 569 121 475 123 530 138 529 147 521 106 472 111 517 127 517 136 509 98 466 103 501 117 505 125 500 
141 395 169 424 181 457 186 491 193 517 145 476 147 527 149 552 150 570 120 475 123 529 138 528 146 519 105 472 111 517 127 516 136 508 98 467 104 501 117 504 126 499 
140 394 169 422 180 455 185 488 192 515 145 475 145 526 147 551 148 569 120 474 122 528 137 527 145 518 105 470 110 515 126 514 136 505 98 465 103 498 117 502 126 496 
139 393 168 421 180 454 185 488 193 515 144 474 145 525 147 549 148 567 119 473 122 527 137 525 145 515 104 470 110 514 126 512 135 503 97 464 103 498 116 501 125 495 
139 391 168 420 180 454 185 487 192 514 145 472 144 524 146 548 146 566 120 471 121 525 136 524 144 515 105 468 109 513 125 511 134 502 98 462 102 496 115 500 125 493 
138 390 167 419 179 452 184 486 191 513 143 472 143 522 145 546 146 564 118 471 120 524 135 524 144 516 104 467 108 511 123 511 133 503 96 461 101 494 114 498 123 493 
138 389 166 418 177 452 182 485 190 512 143 470 142 521 144 545 144 562 118 469 119 523 134 521 142 512 103 465 107 510 122 509 131 500 95 459 100 493 112 497 121 490 
137 388 165 416 176 450 181 483 189 510 142 471 141 520 142 544 143 562 117 469 118 520 132 521 141 514 102 464 105 507 121 507 131 499 95 457 99 490 111 494 121 489 
136 386 164 416 175 449 180 482 187 508 140 467 140 517 142 541 142 560 115 466 117 519 131 519 140 512 101 461 104 506 120 507 130 499 93 456 98 489 110 494 119 489 
136 384 162 414 173 448 178 481 185 507 139 466 138 516 139 540 140 558 114 464 115 517 129 518 138 511 99 459 102 504 118 504 128 497 92 453 96 487 108 491 117 486 
133 383 161 411 172 445 176 479 183 505 138 463 136 514 137 539 137 557 112 462 112 515 127 516 136 509 98 457 100 502 116 503 126 495 90 452 94 485 106 490 115 485 
132 380 160 410 170 444 174 478 181 504 135 461 133 512 134 536 134 555 110 459 110 513 126 513 135 505 95 455 97 500 114 500 124 492 88 449 91 484 104 488 113 482 
130 379 157 408 167 443 171 476 177 502 131 460 129 510 130 534 130 553 106 458 106 511 122 512 132 504 92 453 94 498 111 499 121 492 85 448 88 482 101 486 111 481 
124 376 152 406 162 441 165 474 170 500 125 457 121 507 121 530 120 548 101 455 99 507 115 508 124 499 86 450 88 495 104 494 114 486 79 444 82 477 95 481 105 475 
122 374 149 404 158 438 161 471 167 498 122 453 116 504 116 528 115 545 97 451 94 505 110 506 120 497 82 446 83 492 100 492 110 484 75 441 77 475 90 479 100 473 
119 371 146 401 155 436 157 469 163 495 119 451 113 501 113 525 111 542 94 448 91 502 107 503 116 495 79 444 79 490 96 491 106 483 72 439 74 473 87 477 97 472 
116 370 143 400 151 434 154 467 160 493 114 450 110 499 110 523 108 539 90 448 88 500 104 501 113 492 75 443 76 488 93 488 103 480 68 438 71 471 84 476 94 471 
113 368 140 398 148 432 150 465 156 492 111 447 106 497 106 521 104 538 86 445 85 498 101 499 110 491 72 441 73 486 90 487 100 479 65 436 68 470 81 475 91 470 
110 366 137 397 145 431 147 464 152 491 108 445 102 495 101 518 99 535 83 443 81 496 97 497 106 489 68 439 70 483 86 484 96 477 61 434 64 467 77 472 88 467 
108 365 134 395 142 429 143 462 149 489 104 443 99 492 98 516 95 533 80 440 77 494 93 495 102 487 65 436 66 481 83 483 93 476 58 432 61 465 74 471 84 467 
105 363 130 392 138 427 140 461 146 487 100 441 95 490 94 514 92 532 75 439 74 491 90 493 99 486 61 435 63 479 79 481 90 475 55 431 58 464 71 469 81 465 
103 361 128 391 136 425 137 458 142 485 96 439 91 489 90 512 88 530 72 437 70 489 86 491 95 484 58 433 60 476 76 479 86 473 52 428 55 461 68 467 78 463 
101 359 126 389 133 424 134 457 140 484 94 437 88 487 87 511 85 529 70 434 67 487 82 490 92 484 56 430 57 474 73 477 84 472 50 425 53 459 65 466 76 463 
100 357 124 387 131 422 132 455 137 483 92 437 86 486 85 510 83 527 68 433 64 484 79 488 89 483 54 428 55 471 70 475 81 470 49 422 51 455 63 462 74 460 
99 355 123 385 130 420 131 454 136 481 90 434 85 484 84 508 81 525 66 431 63 483 78 486 88 480 53 426 54 469 70 473 80 468 47 421 50 454 62 461 73 459 
98 354 123 385 130 420 131 453 136 481 90 435 84 484 83 507 80 523 66 431 62 482 77 485 86 479 53 425 53 467 69 470 79 465 47 419 48 451 61 458 71 455 
99 353 124 384 131 419 132 452 136 479 92 434 85 483 83 505 80 522 68 430 63 480 77 484 86 478 54 423 54 466 69 469 79 464 48 417 50 449 61 456 71 453 
102 352 126 383 134 418 135 451 138 478 95 433 88 481 86 504 83 520 71 428 66 480 81 482 90 476 57 423 56 466 72 468 82 463 51 416 52 449 64 456 74 453 
103 352 128 382 135 417 137 451 141 477 97 432 90 481 88 504 86 520 72 428 69 480 83 483 93 477 59 423 59 466 74 469 84 463 53 417 54 449 66 456 76 454 
105 351 129 382 138 417 139 450 143 477 99 432 92 481 91 503 89 519 75 428 71 479 85 482 94 475 61 422 61 465 76 467 86 461 55 416 56 448 68 455 78 451 
107 351 131 381 140 416 142 450 146 476 101 431 94 480 93 502 91 518 77 427 74 478 87 482 96 476 63 421 63 464 78 467 88 462 57 415 58 447 70 454 80 452 
108 350 133 380 142 416 144 449 148 475 104 430 98 479 96 502 94 518 80 427 76 479 91 480 99 473 66 422 66 465 81 467 91 460 60 415 61 448 73 454 83 450 
111 350 136 380 145 415 147 448 152 475 108 430 101 479 99 502 97 518 83 426 80 478 93 481 102 475 69 421 69 464 84 467 93 460 62 415 64 448 76 454 85 451 
113 350 138 381 147 416 150 448 154 474 110 430 104 479 103 501 101 517 86 427 83 478 96 479 104 472 71 421 72 464 87 465 96 458 64 415 66 447 78 452 88 448 
116 350 141 380 150 415 152 449 157 475 113 429 107 478 106 501 103 517 89 426 86 479 100 481 108 473 74 421 74 465 90 467 99 460 67 415 69 449 81 454 90 450 
118 349 143 379 152 414 155 448 160 474 116 428 110 478 109 501 107 518 91 426 88 479 102 481 111 473 77 421 77 465 92 467 102 460 70 415 71 448 84 454 93 450 
120 348 145 378 155 413 159 447 164 474 119 429 114 478 113 501 111 518 95 426 92 479 106 481 114 473 80 421 80 466 95 467 104 460 73 415 75 448 87 454 96 450 
123 348 148 378 158 413 162 447 168 474 123 428 118 478 117 501 115 517 99 425 96 479 110 481 118 473 84 420 84 466 99 467 108 460 76 414 78 449 90 454 99 450 
125 348 152 378 162 413 166 447 172 474 126 428 121 479 121 501 120 517 101 426 99 480 113 480 121 471 86 422 87 467 103 467 111 459 78 416 81 450 94 454 102 449 
129 347 155 378 166 413 170 446 176 473 131 428 127 479 126 501 124 518 106 426 105 480 119 480 127 471 91 422 93 467 107 467 116 459 83 416 86 450 98 455 107 449 
132 347 159 377 170 413 175 447 182 473 135 429 131 479 131 501 130 517 110 427 109 481 123 480 131 470 94 423 97 468 112 467 120 458 86 417 90 451 102 454 111 448 
136 347 163 378 174 413 179 447 187 474 140 428 136 479 137 501 136 517 115 427 114 481 128 480 136 470 99 422 102 468 117 467 125 458 91 416 95 451 107 454 115 448 
142 347 170 378 183 413 188 446 196 472 148 429 145 479 146 502 146 517 123 428 124 482 137 480 144 470 108 423 111 469 125 467 133 457 100 417 104 452 115 455 123 448 
146 347 173 377 185 412 191 446 201 472 152 429 149 479 150 501 149 516 127 427 127 482 142 480 149 469 111 423 114 470 130 467 137 457 103 417 106 452 119 454 127 447 
148 348 177 377 189 412 195 446 205 472 156 429 153 480 154 501 154 516 131 428 131 483 145 480 153 469 115 423 117 470 133 467 141 457 106 417 110 452 123 455 130 447 
150 347 179 376 192 411 198 445 209 471 159 429 157 479 158 501 158 516 134 428 134 483 148 481 156 471 118 423 120 469 136 468 144 458 109 417 113 451 126 454 134 447 
152 348 181 376 194 411 200 445 211 471 161 428 160 479 161 501 161 517 136 427 137 484 152 483 160 473 120 424 123 471 139 470 148 461 112 418 116 454 129 457 138 451 
154 347 183 376 196 410 203 445 214 472 163 428 163 479 164 502 164 517 137 428 139 484 154 482 161 471 121 424 124 471 141 470 150 460 113 418 117 453 130 457 139 451 
156 348 185 377 198 412 204 446 215 472 165 430 164 480 166 502 166 516 139 429 139 484 154 483 162 472 123 424 125 471 141 470 150 460 115 418 118 452 131 456 140 449 
158 348 186 377 199 412 205 445 215 472 168 430 166 480 167 502 167 517 142 428 140 483 154 483 162 473 126 423 127 470 142 469 151 460 117 417 119 451 131 454 140 448 
157 348 186 376 199 411 205 444 214 472 167 430 166 480 168 502 169 517 141 429 140 483 155 483 164 473 126 425 127 470 143 468 153 459 118 418 121 451 133 454 143 447 
157 349 186 377 199 411 205 445 213 472 167 430 166 480 168 503 169 519 141 429 141 484 156 484 166 474 126 425 128 471 144 470 154 462 118 419 122 453 135 456 144 450 
157 349 186 377 199 411 204 445 212 473 167 431 166 481 168 503 169 519 142 430 141 485 156 483 164 472 126 426 128 471 144 469 153 460 118 420 121 453 134 455 143 449 
157 349 186 377 199 412 204 446 211 473 167 431 166 481 168 504 168 519 142 430 141 484 155 483 164 473 127 426 128 471 143 469 152 460 118 420 121 452 133 455 142 449 
156 349 185 378 198 412 203 446 209 474 166 430 165 481 167 503 167 519 141 429 141 484 155 483 164 473 126 425 128 471 143 470 152 461 118 420 121 454 134 457 143 451 
156 350 184 378 197 413 202 447 208 475 166 431 165 481 166 504 166 519 141 430 141 485 155 484 163 473 125 426 127 472 143 471 152 461 117 421 120 454 133 458 142 452 
156 349 184 378 196 412 201 447 207 475 164 430 163 481 165 503 166 519 139 430 139 485 155 483 163 472 125 426 126 472 142 470 151 461 117 421 120 454 133 458 143 452 
155 349 184 378 196 413 201 447 207 475 164 430 163 480 165 503 165 518 139 429 139 485 154 484 162 474 124 426 126 472 141 471 150 462 116 420 119 454 132 458 141 452 
155 349 183 378 196 413 201 448 207 476 163 429 163 480 165 503 166 518 138 429 138 485 154 483 163 472 123 425 126 472 142 471 151 461 116 420 120 455 133 458 142 452 
155 349 184 378 196 413 201 447 207 475 165 430 163 481 165 503 165 518 139 429 140 485 154 484 163 474 124 425 126 472 142 471 151 462 117 420 120 454 132 458 141 452 
155 349 184 377 196 412 201 446 208 474 165 430 163 481 165 503 166 518 140 429 140 485 155 484 163 474 125 425 126 472 142 471 151 462 117 420 120 454 133 458 142 452 
156 349 184 377 197 412 201 446 207 474 164 430 164 481 166 503 167 518 139 429 140 485 155 484 164 473 125 426 127 472 143 471 152 462 117 420 121 454 133 458 143 452 
156 349 184 377 197 412 202 447 208 474 164 429 164 480 166 502 167 517 139 429 141 485 156 483 164 471 124 426 128 472 144 471 153 461 117 420 121 455 135 458 143 452 
156 349 184 377 197 412 202 447 208 474 165 430 164 481 166 503 166 518 140 429 141 485 156 484 164 473 125 426 128 472 144 471 153 461 118 420 122 455 135 458 144 453 
156 348 184 376 197 411 202 446 208 473 165 428 164 480 166 502 167 517 140 428 141 484 157 483 165 472 125 424 128 471 144 470 153 461 118 419 122 454 135 457 144 451 
155 348 184 376 196 411 201 446 208 474 166 429 165 480 166 502 166 517 141 428 142 483 156 483 164 473 126 425 128 470 143 469 151 460 117 419 121 452 133 456 142 451 
154 348 183 377 196 412 201 447 207 474 165 430 164 480 166 502 165 517 140 429 141 483 155 481 163 470 125 426 128 470 143 468 151 459 117 420 121 453 134 456 142 450 
153 347 182 377 195 412 200 446 204 474 164 429 164 479 165 501 165 517 139 429 141 483 155 481 162 470 124 425 127 470 142 468 150 459 116 420 120 452 132 456 141 450 
152 347 181 377 193 412 197 446 201 473 163 429 163 478 164 500 163 516 139 429 140 481 154 481 162 472 124 425 127 469 141 468 150 460 116 420 120 452 132 456 141 450 
151 348 180 378 192 412 196 446 199 474 161 430 162 479 163 501 162 517 137 430 140 483 154 481 162 471 122 426 127 470 142 469 150 459 115 421 120 454 132 457 141 451 
151 348 180 379 192 413 195 447 198 475 161 430 161 480 162 502 161 517 137 430 140 482 154 480 161 470 122 427 127 469 141 467 150 458 114 421 120 453 133 456 141 450 
150 349 179 379 190 413 194 447 197 474 160 430 160 479 161 501 159 516 136 430 139 482 152 480 159 470 121 427 126 469 140 468 148 458 113 422 120 453 132 456 140 450 
150 350 179 379 190 413 194 447 198 475 158 432 159 480 160 502 160 516 134 431 138 482 151 480 158 471 120 428 126 469 140 467 148 458 113 422 119 453 132 456 140 451 
150 350 178 379 189 414 193 448 197 475 158 431 158 480 159 501 159 516 135 430 137 481 150 480 157 471 120 427 125 468 139 467 147 459 113 421 118 452 130 455 139 450 
150 351 178 381 189 414 192 448 196 476 158 433 158 481 159 502 159 517 135 432 138 481 150 480 157 472 121 427 126 467 139 467 147 458 113 421 119 451 131 455 139 449 
149 353 177 381 188 415 192 448 195 475 158 433 157 481 158 502 157 517 135 432 137 481 150 480 157 472 120 428 126 467 139 466 148 458 113 422 119 452 131 455 140 449 
149 355 177 383 188 416 191 449 194 476 158 435 157 483 158 504 157 519 134 434 138 482 150 481 157 473 120 429 126 468 139 467 147 459 113 423 119 452 131 455 139 450 
148 355 176 382 188 416 191 449 194 477 157 433 157 481 158 503 157 519 134 432 137 482 150 481 157 472 120 429 126 469 140 467 148 459 112 424 120 454 132 457 140 450 
150 354 177 384 187 418 189 451 190 477 159 433 158 481 158 502 157 519 135 432 137 482 150 482 157 474 121 428 126 469 140 468 148 460 112 422 120 453 132 456 139 450 
149 356 177 386 187 419 189 451 190 478 157 436 157 483 158 504 157 519 134 435 137 482 150 480 156 471 120 431 126 469 139 467 147 458 112 425 119 454 131 456 138 449 
149 357 177 387 187 420 188 453 188 479 158 435 157 483 157 504 156 520 135 434 137 483 149 482 156 473 121 430 126 469 139 468 147 460 112 425 120 454 132 456 139 450 
149 358 177 387 187 420 188 453 188 479 157 436 156 483 157 504 156 520 134 434 137 483 150 482 156 474 120 430 126 469 140 468 147 460 112 425 120 454 132 457 139 451 
149 358 177 387 187 421 188 453 187 480 157 435 156 483 156 504 155 520 134 434 136 483 149 482 156 474 120 430 126 470 140 469 148 460 112 425 121 455 133 457 140 451 
149 358 177 388 186 421 188 454 187 480 156 436 156 483 156 504 155 519 133 435 136 483 149 482 156 474 119 431 126 469 139 468 147 461 111 426 120 455 132 457 139 451 
149 359 176 387 186 421 187 453 187 479 156 437 155 484 155 505 154 520 133 435 136 483 149 481 155 473 119 431 125 469 139 468 147 460 111 425 119 454 131 457 138 451 
148 359 176 387 186 421 187 453 186 479 156 436 155 483 155 504 154 520 133 435 135 483 148 482 154 474 119 431 125 470 139 469 147 461 111 426 120 455 132 458 139 452 
149 359 177 388 186 422 187 454 186 480 155 436 154 483 155 504 154 519 132 434 135 482 148 482 154 474 118 430 125 469 139 468 146 460 111 425 119 454 131 457 139 450 
149 359 176 388 186 421 187 453 187 479 154 436 153 483 154 504 153 519 132 435 135 482 148 481 154 473 118 431 125 469 139 468 147 460 111 425 119 454 131 457 139 451 
148 359 177 388 186 421 187 453 186 479 154 436 153 483 154 504 154 519 132 435 134 482 147 481 154 473 119 430 125 468 139 467 147 459 111 425 119 454 131 457 139 451 
148 360 176 388 186 421 187 453 184 479 154 436 153 483 154 504 153 520 132 435 135 482 148 481 155 473 119 431 125 469 139 468 147 460 111 426 119 455 132 457 139 452 
148 360 176 388 186 422 186 453 183 479 154 435 153 482 155 504 153 520 132 434 135 481 148 481 155 474 119 430 126 467 140 467 148 459 111 426 120 454 132 456 140 450 
148 361 176 389 185 422 185 454 182 479 155 435 154 481 155 503 153 519 132 434 135 482 148 482 155 474 119 430 125 469 139 469 147 461 111 425 120 454 132 457 139 451 
148 362 176 390 185 423 184 455 179 480 155 435 154 482 155 504 154 520 132 434 135 482 148 483 154 476 119 430 125 469 139 469 147 462 111 426 120 454 132 458 139 452 
148 362 175 390 185 423 184 456 178 480 154 434 153 482 155 504 154 520 132 434 135 482 148 484 155 477 118 431 126 470 140 470 148 463 111 427 120 455 132 459 140 453 
149 363 176 391 184 425 182 457 176 480 154 435 153 482 155 504 153 520 132 434 135 482 148 482 155 476 118 431 126 469 140 469 147 462 111 426 119 455 131 459 139 454 
148 364 176 391 184 424 182 457 175 480 154 435 153 482 155 504 153 520 132 434 135 482 149 482 156 474 118 431 126 469 141 468 148 461 110 427 120 456 132 458 139 453 
148 364 175 391 184 425 181 457 174 480 154 435 153 482 154 504 153 521 132 434 135 482 148 483 154 477 118 431 126 469 140 469 148 462 110 427 120 455 132 459 140 453 
147 364 175 392 183 425 180 457 173 481 154 435 153 482 155 504 153 520 132 434 135 482 148 483 155 476 118 432 126 469 140 468 148 461 110 428 120 456 132 459 139 453 
147 365 175 392 183 426 180 458 173 481 155 434 153 482 155 503 153 519 133 433 135 482 148 483 154 477 118 431 126 469 140 468 148 462 110 427 120 455 132 458 139 452 
148 366 175 392 182 426 179 458 171 481 153 436 153 482 155 504 153 520 131 435 135 481 148 482 154 476 118 432 126 468 140 468 147 461 110 428 120 455 131 458 138 453 
147 366 175 394 182 428 179 459 171 482 154 437 153 483 156 504 154 518 132 435 135 482 148 481 154 473 119 432 126 468 140 467 147 459 111 427 120 455 131 456 138 450 
147 367 176 395 183 429 178 460 168 481 155 438 154 484 156 504 154 519 133 436 136 482 149 480 154 470 119 433 127 469 141 465 147 457 111 429 120 455 132 456 138 449 
147 368 176 396 183 430 177 461 167 481 154 439 154 484 157 504 155 519 133 437 135 482 149 479 155 470 119 432 126 468 140 464 147 455 111 428 120 454 132 454 138 446 
148 369 176 396 182 430 177 460 167 480 155 439 154 484 157 504 155 519 133 437 135 482 149 480 155 471 120 433 126 468 140 465 147 457 111 428 121 454 132 455 138 447 
148 369 175 397 182 431 177 461 165 480 156 437 154 483 156 504 154 519 134 435 135 482 148 480 154 470 119 431 126 467 140 464 146 455 110 427 121 454 132 453 137 446 
147 370 175 397 181 430 176 460 165 478 155 437 154 482 155 503 153 519 133 435 135 482 148 480 154 471 119 432 127 467 140 464 146 455 111 428 121 454 133 454 138 447 
147 370 174 398 180 431 175 460 164 478 154 439 154 482 156 503 154 519 134 436 135 480 147 479 153 471 120 432 126 466 140 464 146 455 111 428 120 453 132 453 137 447 
147 371 174 398 180 431 174 460 162 477 154 438 154 481 156 502 154 518 133 436 135 480 148 479 153 470 120 433 127 466 140 463 146 455 111 430 121 454 133 454 137 448 
146 373 174 400 180 432 174 461 162 479 154 439 153 482 155 503 153 519 133 437 136 480 148 479 153 471 120 434 128 466 141 463 146 455 111 431 122 454 133 454 138 448 
146 373 173 400 180 431 174 459 163 477 154 438 154 480 155 502 153 518 134 436 136 478 148 478 153 470 121 434 128 466 141 463 147 455 112 431 122 454 133 454 138 448 
145 375 172 401 178 430 175 456 165 474 153 440 154 480 156 501 154 517 134 438 136 478 147 479 153 474 121 436 128 465 141 464 147 458 113 433 123 454 133 455 138 450 
144 376 172 401 178 431 174 456 165 474 153 441 153 480 155 501 154 518 134 439 135 477 146 479 152 476 121 436 127 465 140 464 147 459 112 433 122 453 132 454 137 451 
144 377 172 402 177 431 174 455 166 473 152 442 152 480 154 501 153 517 133 440 135 477 147 478 153 475 121 437 128 465 141 463 148 457 113 434 122 454 132 454 138 450 
145 378 172 402 178 431 174 456 166 474 152 441 152 480 154 501 153 517 133 439 135 477 146 480 153 477 121 436 127 465 140 465 148 460 113 433 122 454 132 456 138 452 
145 378 173 402 178 431 174 456 165 474 151 441 152 480 154 501 152 517 132 440 135 478 148 477 154 471 120 437 128 466 142 462 148 455 112 434 123 455 133 455 138 449 
145 378 173 401 179 431 174 457 165 474 150 440 151 479 153 500 151 516 132 439 135 477 147 478 153 472 120 436 128 465 142 462 148 456 112 433 123 455 134 454 139 449 
145 379 173 404 178 433 173 458 164 476 151 442 151 480 153 500 151 516 132 440 135 477 147 480 152 477 121 437 128 466 142 464 149 459 113 434 124 455 134 456 140 452 
145 379 173 403 179 433 174 458 164 476 151 442 152 479 153 500 151 516 133 440 136 477 148 478 153 473 121 437 130 465 143 461 149 455 113 434 124 455 135 454 139 449 
146 380 174 404 179 433 173 459 164 476 152 442 152 480 153 501 151 517 133 441 137 477 148 481 154 478 121 438 130 465 143 463 151 458 114 436 126 455 136 455 141 452 
147 381 175 404 180 433 174 458 165 475 151 442 152 479 153 500 150 517 133 441 137 476 148 479 154 476 122 438 131 465 144 461 151 455 114 435 127 455 137 454 142 449 
147 381 175 404 180 433 174 458 166 476 152 443 152 479 153 500 150 516 134 441 138 476 148 479 154 476 122 438 132 464 144 461 151 455 114 435 127 454 137 453 141 448 
148 382 175 405 180 434 175 458 166 476 153 444 153 480 153 500 150 516 135 442 138 476 149 480 155 478 123 439 132 464 144 462 151 457 115 436 127 455 137 454 142 450 
149 383 176 405 182 434 175 460 165 477 154 442 153 479 153 500 151 517 135 441 138 477 150 480 156 478 123 438 132 466 145 464 152 458 115 436 127 456 138 456 143 452 
149 383 177 406 182 435 175 460 165 477 154 444 153 480 154 501 151 517 136 442 140 476 150 479 156 477 124 439 133 464 146 461 152 455 115 436 128 455 138 454 143 449 
149 383 177 405 183 434 176 460 166 476 154 442 153 479 153 500 151 517 135 441 139 476 150 480 156 477 123 438 133 465 146 462 152 457 116 435 128 455 138 455 144 450 
149 383 177 405 183 435 176 461 164 477 155 442 153 479 153 500 150 517 136 440 139 476 149 482 156 481 123 438 132 465 146 465 153 461 115 435 128 456 139 456 144 452 
150 384 178 406 183 436 176 461 165 477 155 442 153 478 153 499 150 517 136 441 139 476 149 481 156 480 124 438 132 465 146 464 153 460 115 436 128 455 138 456 143 452 
149 384 177 406 182 435 175 460 165 476 154 443 153 479 153 499 150 517 136 441 139 475 150 480 156 478 124 438 133 464 146 461 153 456 116 435 128 454 139 454 144 449 
149 384 177 405 183 435 175 461 163 476 154 442 153 478 152 500 149 518 135 440 140 475 152 476 157 472 123 438 134 464 147 460 153 453 115 435 129 454 139 452 143 447 
149 385 177 405 183 435 175 461 163 477 154 442 152 478 152 499 149 517 135 441 139 475 151 478 157 475 122 438 133 464 146 461 153 455 114 436 128 455 138 453 143 448 
149 386 177 406 183 435 175 461 162 476 153 442 151 477 151 499 148 516 134 441 139 475 151 477 158 473 122 438 133 464 147 461 153 454 114 436 128 454 138 453 142 448 
148 387 176 407 182 435 174 460 163 476 154 444 151 478 150 499 147 516 135 442 139 475 151 476 157 472 123 439 133 464 147 461 153 455 114 437 128 454 138 453 142 449 
148 387 176 407 181 436 174 460 161 475 152 444 150 478 149 499 146 516 134 442 139 474 151 474 156 468 122 439 133 463 146 459 151 452 114 436 127 454 137 452 141 446 
148 388 176 408 181 436 173 461 161 476 152 443 149 478 149 499 146 516 134 442 141 473 153 472 158 466 121 439 134 462 147 457 152 449 113 436 128 453 138 451 141 445 
148 388 176 407 181 436 173 460 161 475 152 443 148 478 148 499 144 517 134 442 141 472 153 471 158 464 121 439 135 462 147 456 152 448 113 437 128 454 138 451 141 445 
148 388 175 407 181 436 173 460 161 475 151 443 147 478 147 499 144 516 133 441 140 472 153 469 157 461 121 439 134 461 146 455 150 447 113 436 127 453 137 450 140 444 
147 389 175 407 181 435 173 459 161 474 151 443 147 479 147 501 144 519 132 442 141 472 153 470 158 462 120 439 135 462 146 456 150 447 112 437 128 454 137 451 140 444 
148 389 175 408 181 436 172 461 159 474 151 442 147 479 146 501 143 518 132 441 140 472 152 467 156 458 120 438 134 461 145 456 148 446 112 435 127 453 136 450 139 443 
146 388 175 407 181 435 172 460 159 473 151 443 146 479 146 501 142 518 132 441 141 471 153 465 156 455 120 438 134 461 145 454 148 444 112 435 127 453 136 449 138 441 
146 388 175 406 181 435 172 460 159 473 150 443 145 479 145 500 141 516 132 441 140 471 152 465 155 454 120 438 133 460 144 454 147 444 111 435 126 452 135 448 138 441 
146 387 175 406 181 436 173 461 158 473 149 443 143 480 143 500 139 516 131 440 143 468 154 460 156 447 119 437 134 458 144 451 146 440 110 434 126 451 135 446 137 438 
147 386 175 407 181 437 172 462 157 472 150 443 142 480 142 500 138 515 131 440 141 467 153 459 155 447 119 436 133 457 143 450 146 440 111 432 125 450 134 445 137 437 
147 384 175 406 181 437 172 462 157 473 149 443 141 481 141 500 137 516 130 440 142 466 154 458 156 446 119 436 134 457 144 450 147 439 110 433 125 451 135 446 138 436 
146 382 175 406 181 436 173 461 158 472 147 444 141 481 141 500 137 515 130 440 143 465 155 456 157 444 119 436 135 457 145 449 147 437 112 433 126 450 136 444 139 435 
147 381 175 403 182 435 174 461 159 473 148 442 140 481 139 501 136 517 130 439 142 465 154 458 157 447 118 435 133 457 144 450 147 439 111 432 124 451 134 446 139 437 
148 379 176 403 182 435 174 462 158 472 147 442 140 481 139 501 137 517 129 438 142 465 155 457 158 447 118 435 133 456 144 450 148 439 112 431 125 450 135 446 139 436 
147 378 175 403 183 435 175 463 156 472 150 441 140 481 139 501 137 516 131 438 141 465 154 457 157 446 119 434 133 456 143 450 147 438 111 431 124 450 134 445 139 435 
149 378 176 403 183 435 176 462 158 472 148 441 140 480 139 501 137 516 130 438 142 465 154 458 157 447 119 435 133 457 143 451 147 440 112 432 125 451 135 447 140 437 
147 377 176 401 184 434 176 462 157 473 149 439 141 480 140 501 137 516 130 437 141 467 155 461 158 449 119 435 133 459 144 453 149 442 112 432 126 452 136 448 140 438 
148 376 176 403 183 435 175 463 156 475 151 440 143 480 141 501 137 516 133 437 144 465 156 458 158 447 121 435 135 458 145 451 148 439 114 432 127 451 137 446 141 436 
148 377 176 404 182 435 175 461 159 474 151 442 144 480 142 500 138 517 133 439 144 464 156 455 158 445 122 436 136 457 145 449 148 437 114 433 127 451 137 445 141 435 
148 377 176 405 181 436 173 462 157 475 152 442 144 480 142 501 138 517 134 439 144 464 155 456 157 446 123 435 136 457 145 449 147 437 115 433 128 451 137 444 141 434 
149 379 175 408 180 439 171 464 155 477 156 443 146 481 143 502 139 518 137 440 144 465 153 457 155 448 125 437 135 458 143 450 145 438 116 434 128 452 137 446 140 436 
149 379 175 408 180 439 171 464 155 477 155 444 146 481 143 501 138 516 137 440 144 466 154 457 156 447 124 437 135 458 144 450 147 438 115 434 128 451 138 445 141 435 
150 379 175 408 179 439 169 464 155 479 158 442 146 481 142 501 137 517 140 439 143 467 151 460 154 451 126 436 134 460 142 451 145 440 116 434 129 452 137 446 140 437 
149 381 175 409 178 440 169 466 155 481 157 445 146 482 141 502 137 517 138 441 143 468 153 459 155 449 125 438 135 460 143 451 145 439 115 435 128 452 137 446 140 437 
149 381 175 407 179 439 170 466 156 481 157 443 145 482 141 503 137 519 138 440 144 466 153 457 155 447 125 437 135 459 143 450 145 438 114 434 128 452 137 445 139 436 
150 380 175 408 178 438 169 463 155 477 159 442 146 481 142 502 138 518 140 440 144 467 153 459 155 449 127 437 135 460 143 451 145 440 116 435 129 453 137 446 140 437 
151 380 174 408 178 438 168 463 154 476 160 443 147 481 143 501 138 517 141 440 143 467 151 459 153 450 128 437 134 460 142 451 144 441 117 435 128 452 136 446 139 437 
151 380 174 407 177 436 169 461 157 476 161 442 148 480 144 499 140 514 143 440 142 470 149 469 152 467 128 437 135 460 142 451 145 441 116 435 128 452 136 446 139 437 
151 381 174 407 177 436 169 461 156 475 160 443 148 481 145 502 141 518 142 441 144 466 151 458 153 449 127 438 136 458 142 449 144 438 117 435 129 451 137 444 139 436 
150 379 174 403 178 433 169 459 156 473 159 440 148 479 145 499 142 516 141 438 145 468 152 461 153 452 127 436 136 460 143 451 144 440 116 434 129 452 137 446 138 437 
150 380 173 404 177 433 169 458 157 472 158 441 149 480 147 500 145 517 141 440 145 467 152 461 154 455 127 437 137 457 143 448 146 437 117 434 129 450 137 444 139 435 
150 381 172 405 175 434 167 458 157 473 159 441 151 478 149 495 146 509 143 439 144 473 149 482 152 488 129 436 136 459 143 448 147 438 117 435 129 450 137 443 139 434 
150 382 174 404 176 432 168 456 158 470 161 439 152 475 148 484 144 490 144 439 142 479 144 501 145 517 129 437 136 461 143 452 146 440 117 436 129 452 137 445 139 436 
151 380 173 401 177 429 167 454 157 467 161 435 153 472 150 483 145 491 144 436 144 478 146 499 147 514 130 435 138 462 143 453 146 441 119 434 131 453 138 446 139 437 
151 381 174 401 178 429 171 454 160 468 158 438 152 477 151 496 149 512 141 438 144 477 148 494 152 506 127 436 139 462 146 453 149 441 117 434 131 452 138 446 140 437 
151 382 173 402 177 430 170 455 160 468 159 439 153 478 152 498 150 514 142 438 143 476 147 489 150 498 128 436 138 460 145 450 148 439 117 434 131 451 138 444 140 436 
150 383 173 404 176 432 168 455 157 467 158 440 152 477 151 493 148 506 141 439 143 477 146 495 148 508 128 436 138 460 145 451 148 439 117 434 131 451 138 444 140 435 
150 383 173 403 179 431 171 457 159 471 157 438 151 477 151 497 148 513 140 437 142 474 148 481 151 484 126 434 138 460 145 451 147 440 116 432 130 451 138 445 140 436 
149 383 173 403 177 431 170 456 158 470 156 440 149 478 149 498 147 514 139 439 144 469 151 467 153 463 126 436 138 457 145 448 146 437 116 433 130 450 138 444 139 435 
148 382 171 401 177 430 170 456 159 470 156 437 150 474 147 484 143 492 139 437 140 476 144 494 146 507 126 435 137 460 144 451 146 439 115 433 129 451 136 444 137 435 
148 381 172 402 177 430 170 456 159 471 154 439 148 477 148 497 145 513 136 437 142 471 151 475 155 476 124 435 138 457 145 447 147 437 114 433 129 450 137 443 138 433 
147 382 171 401 177 430 170 456 158 471 155 438 147 476 146 495 143 510 137 437 140 471 147 475 151 475 124 435 135 458 143 449 145 438 113 433 128 450 135 444 137 434 
146 382 171 403 177 432 169 457 155 470 153 440 145 478 144 497 142 513 136 438 141 467 149 463 151 457 123 435 135 456 143 447 144 436 113 432 127 449 135 443 137 434 
146 381 171 404 176 434 168 459 153 471 151 440 144 478 144 496 141 510 134 437 143 466 152 458 153 448 122 434 136 456 144 447 144 435 113 432 127 449 136 443 137 433 
146 379 170 401 176 431 168 459 154 472 153 437 146 473 146 478 143 483 136 436 137 473 143 481 147 485 122 434 133 458 142 448 144 437 112 432 126 449 134 443 136 434 
146 381 171 403 176 433 167 459 151 469 151 439 142 477 142 495 141 509 133 437 142 462 151 453 152 442 121 433 134 454 142 446 142 434 112 430 126 447 134 441 136 432 
146 379 169 402 174 432 164 460 149 472 156 436 145 473 145 482 143 489 139 434 138 469 145 464 148 456 124 433 133 457 140 448 141 435 113 431 126 449 133 443 134 433 
146 380 170 402 176 431 168 457 152 470 150 438 142 476 143 492 142 505 133 436 140 465 150 458 152 446 121 433 134 456 143 448 144 436 112 430 126 448 135 443 136 434 
146 379 170 401 176 432 165 460 149 471 155 436 145 471 146 470 145 469 137 434 136 470 143 473 147 473 123 432 132 457 139 448 142 436 112 431 125 450 133 443 134 434 
146 381 170 402 177 431 169 457 153 470 152 435 141 475 142 493 142 506 134 434 139 465 149 457 150 445 122 431 133 455 141 448 142 436 112 429 126 448 134 442 134 433 
147 380 170 402 176 432 166 459 150 471 154 434 142 474 143 489 141 500 136 432 138 465 147 459 149 447 123 430 132 456 140 448 141 436 112 428 125 449 133 443 134 433 
146 380 170 401 177 431 167 458 151 470 152 435 142 474 142 490 141 502 134 432 138 465 148 460 150 451 122 430 132 454 141 447 142 436 112 428 124 448 133 442 134 433 
146 379 170 402 175 433 165 461 148 472 157 434 145 471 146 472 145 473 139 432 137 467 143 462 146 454 125 431 132 455 138 447 140 434 113 429 125 448 132 442 133 432 
146 381 171 403 177 432 168 458 151 471 150 437 141 474 142 490 139 502 132 434 140 462 151 453 152 441 121 432 134 454 143 446 143 434 113 429 126 447 135 441 136 432 
145 379 170 403 175 433 167 458 151 469 152 437 142 474 142 489 139 500 135 434 139 462 148 455 150 445 122 432 133 453 141 444 142 432 113 430 125 446 133 440 135 430 
146 379 171 401 177 431 168 457 151 469 150 436 142 474 142 490 138 503 133 433 141 461 151 453 152 441 121 431 134 453 142 446 143 434 112 428 126 446 135 441 136 431 
147 378 171 401 175 431 166 457 153 469 157 435 145 474 143 493 140 508 140 433 141 465 147 459 149 449 126 431 134 454 140 444 141 431 115 430 127 447 134 440 135 430 
147 377 172 400 178 431 168 458 151 470 155 434 144 471 144 478 141 483 137 432 142 462 151 453 152 441 124 430 134 454 143 446 143 434 114 429 127 447 135 441 136 432 
147 379 173 401 179 431 170 457 154 469 152 436 144 474 142 495 138 511 134 434 145 461 153 452 154 440 122 432 137 453 145 445 146 433 114 430 129 447 138 441 139 432 
148 378 173 400 178 431 169 457 153 467 156 435 146 473 143 491 139 506 138 433 142 464 150 459 152 450 125 432 135 454 142 445 144 433 115 429 127 447 135 441 137 431 
148 379 173 402 179 431 170 455 156 466 155 438 146 475 144 495 140 512 137 436 145 460 153 451 154 440 124 433 137 452 144 442 145 431 116 431 129 445 137 438 139 428 
148 377 174 401 179 430 169 456 154 468 155 436 148 470 146 477 140 484 138 435 142 467 149 468 151 468 125 433 136 456 144 446 146 435 115 431 129 448 137 441 139 431 
149 380 173 403 178 432 168 455 153 467 157 439 147 474 144 494 141 511 139 437 142 466 149 465 151 462 125 435 137 455 144 447 146 436 116 432 130 448 137 441 139 432 
149 379 174 399 180 428 170 453 158 465 157 436 148 470 145 478 141 486 139 436 139 471 143 486 145 495 126 433 135 456 143 448 146 436 116 430 129 447 137 440 140 431 
149 380 173 401 179 430 169 455 155 466 159 436 148 474 143 495 140 512 140 436 140 468 145 469 148 468 127 434 136 457 142 449 145 439 117 431 129 448 137 442 139 433 
149 380 173 403 178 431 169 456 154 468 158 438 147 473 143 488 139 501 140 436 142 465 148 460 150 453 127 434 136 455 142 447 144 436 116 432 128 447 136 441 138 433 
150 382 174 403 179 431 170 455 157 468 154 439 146 474 143 493 140 509 137 438 140 470 145 478 148 482 124 435 135 458 143 450 147 441 116 432 129 449 138 443 141 435 
148 382 173 404 178 432 169 456 155 468 155 439 146 477 142 497 138 514 137 438 141 468 148 466 151 461 124 435 136 457 143 449 145 438 115 432 128 449 136 443 139 434 
149 381 172 404 176 432 165 455 153 466 158 438 149 472 145 482 139 490 141 437 139 473 140 490 140 501 128 435 135 458 141 448 145 436 118 433 129 449 136 441 139 431 
149 383 172 406 177 433 168 457 155 469 154 442 146 477 142 497 139 514 136 441 142 466 150 459 152 450 124 438 135 457 143 449 145 438 115 434 128 449 136 443 138 434 
149 381 173 402 178 429 168 455 156 467 159 436 150 467 147 463 142 460 141 437 138 477 137 500 136 517 127 435 134 461 141 453 144 441 116 433 128 451 136 445 138 435 
149 380 171 406 175 432 168 454 155 465 154 443 147 477 143 495 138 511 138 441 142 468 148 466 150 464 126 437 136 458 143 449 145 438 116 433 128 448 136 441 139 433 
148 381 171 404 176 431 167 454 155 466 157 442 147 476 142 492 136 506 140 440 141 472 144 478 147 483 126 437 135 459 141 449 145 439 116 434 128 449 135 442 139 433 
149 380 170 403 173 429 164 451 153 460 159 438 149 470 144 479 139 486 143 439 141 475 140 494 140 507 131 438 135 461 139 452 143 441 120 436 129 451 135 444 138 436 
148 382 170 405 175 432 167 455 154 467 154 442 147 479 142 499 138 516 136 442 143 467 149 461 150 453 124 439 136 459 142 451 145 441 115 435 128 450 136 444 138 437 
147 382 171 404 175 431 167 454 154 466 156 441 147 477 142 496 137 512 139 440 138 475 141 488 143 497 126 437 133 461 140 453 144 442 116 433 126 450 134 444 138 435 
147 382 171 404 176 431 167 455 155 467 154 442 145 478 140 498 135 515 135 441 141 467 148 462 149 455 123 438 133 458 141 451 143 441 113 433 125 449 134 444 136 435 
146 381 169 405 173 432 165 454 153 465 152 444 145 478 140 495 135 510 135 442 138 473 143 479 146 482 123 438 133 460 140 451 144 441 114 434 127 449 135 442 138 433 
145 382 169 405 173 432 165 454 153 465 152 444 144 478 140 495 135 510 136 442 138 473 142 480 144 486 123 438 132 459 139 450 143 440 114 434 125 448 133 441 137 433 
145 381 168 404 173 431 164 454 151 466 152 442 144 477 139 495 134 510 135 441 137 472 141 478 144 482 122 438 131 460 138 452 142 443 112 434 124 449 132 444 136 435 
144 381 167 405 171 433 162 455 150 467 148 444 142 477 138 495 133 511 131 442 136 469 142 469 145 467 120 438 130 459 138 452 141 443 112 434 123 449 132 444 135 436 
144 381 166 406 170 433 161 455 148 465 149 442 140 477 136 497 131 513 133 440 135 468 141 464 144 457 121 437 130 459 136 452 139 441 113 433 124 450 131 445 134 435 
144 380 166 406 169 433 159 456 147 466 146 442 139 477 135 495 129 511 129 440 133 469 140 467 143 462 118 437 128 460 136 455 140 445 110 433 123 451 132 446 134 438 
142 381 164 406 167 434 158 457 146 468 144 442 137 478 133 497 128 513 128 440 131 470 137 471 140 469 117 437 127 461 134 454 138 445 110 433 122 451 130 447 133 438 
140 381 163 406 167 434 159 458 146 469 142 443 134 478 130 497 125 513 126 441 129 470 137 467 141 463 115 437 124 461 133 454 137 445 108 434 119 451 128 447 132 439 
138 380 160 405 164 434 155 458 142 470 142 441 133 477 129 495 124 509 125 440 124 474 127 487 129 495 113 437 120 463 128 457 134 448 105 433 116 453 125 448 130 440 
137 382 157 408 159 434 152 455 142 466 138 444 130 479 126 498 122 515 123 442 126 471 132 468 135 464 114 439 122 462 129 456 133 446 107 436 118 453 125 448 127 441 
135 382 156 407 160 435 151 458 139 469 138 443 128 478 124 497 119 512 122 441 121 473 126 477 129 478 111 437 117 461 125 456 130 447 102 433 112 451 121 447 125 439 
133 383 154 408 157 435 149 457 139 469 132 444 125 479 122 497 117 511 116 441 119 472 126 474 129 473 107 437 116 462 125 457 129 448 101 432 112 452 120 448 124 440 
132 381 150 406 152 433 144 455 134 465 136 440 126 476 121 494 116 509 120 438 116 473 118 480 120 483 110 434 113 462 118 457 122 449 101 430 108 452 115 448 118 440 
127 381 148 405 152 433 145 456 132 469 127 441 117 476 112 496 106 513 110 438 113 467 120 465 123 461 99 434 107 458 117 452 120 444 91 429 102 449 111 445 115 437 
122 381 144 405 147 433 138 456 126 468 126 441 112 477 106 497 101 513 108 438 108 464 117 460 120 452 96 433 101 454 110 449 114 440 86 427 95 445 104 441 108 433 
121 381 140 405 142 432 133 455 120 465 122 440 108 476 102 497 96 513 105 436 103 464 111 459 114 451 92 431 95 454 103 449 107 441 82 425 88 444 97 440 100 433 
118 380 139 405 138 434 123 455 109 464 119 439 103 476 96 497 89 514 100 434 98 464 106 460 110 452 86 429 90 454 99 449 103 440 75 423 84 444 93 440 96 433 
115 380 135 405 132 433 117 453 104 464 113 439 100 475 94 496 87 512 94 435 94 469 99 480 102 486 81 429 88 456 97 451 102 443 71 424 83 446 92 442 95 435 
111 381 132 406 128 433 113 453 100 463 108 440 94 477 87 498 80 515 88 435 89 465 98 462 102 455 76 428 83 453 92 447 96 439 67 423 78 443 87 440 90 433 
107 382 126 408 120 436 104 455 90 466 102 441 86 479 79 500 72 516 83 434 80 465 89 461 94 454 69 426 75 452 85 446 89 437 61 420 71 441 80 437 83 431 
106 379 126 406 120 435 103 455 89 466 101 441 85 478 78 499 69 515 83 434 81 464 91 461 95 454 70 426 75 451 85 445 89 436 61 419 69 440 78 437 82 430 
106 380 124 407 118 435 102 454 88 464 100 442 83 479 76 500 68 515 82 435 81 465 90 462 94 457 69 426 75 449 85 443 89 434 60 419 68 439 78 435 82 428 
106 378 124 407 117 436 100 455 86 465 99 442 82 480 75 501 66 516 80 434 79 464 89 459 93 450 68 425 73 450 84 444 88 434 60 418 68 439 78 436 82 429 
108 378 125 406 119 434 102 454 87 463 102 441 84 480 76 501 66 517 83 434 81 465 90 461 94 453 70 426 74 451 83 445 88 436 61 419 69 440 78 437 82 429 
109 377 126 407 119 434 103 454 89 464 103 442 85 481 77 502 68 517 84 435 81 465 90 460 94 451 71 426 75 450 84 445 88 436 62 419 70 439 79 435 83 428 
113 378 129 407 120 435 102 455 87 465 106 443 88 482 79 503 70 518 88 435 83 465 91 460 95 450 74 427 76 451 85 445 89 436 64 420 72 439 81 436 85 428 
115 377 132 407 124 435 105 454 90 465 107 444 91 483 84 504 75 519 89 436 87 466 96 461 100 452 76 428 80 451 90 445 95 436 67 420 75 439 85 435 89 427 
120 376 135 408 126 435 107 455 91 465 112 445 96 484 89 504 80 519 94 436 90 466 98 462 103 452 81 427 83 451 92 446 97 436 72 419 78 439 88 435 92 427 
125 376 139 408 131 435 113 453 98 462 117 446 102 485 95 505 87 521 99 438 93 467 101 462 106 453 86 428 87 450 96 445 101 435 76 419 82 437 91 434 95 426 
129 375 143 406 134 434 117 454 102 464 122 445 108 485 101 506 93 521 104 437 99 467 107 462 111 452 90 428 92 451 101 445 106 436 81 419 87 438 95 435 99 426 
138 374 151 406 142 432 127 451 114 461 132 445 118 483 112 504 105 520 114 437 107 468 115 464 121 455 100 428 100 450 110 445 116 436 90 419 95 437 103 433 107 425 
141 374 156 406 147 435 129 455 114 466 136 445 123 485 117 506 110 522 118 437 112 468 120 462 124 452 104 428 105 451 114 445 119 435 94 419 100 439 108 435 112 426 
145 372 160 405 151 433 134 454 121 465 141 444 129 485 123 506 115 522 122 437 117 467 125 463 130 453 109 428 110 451 119 445 124 435 99 420 105 438 113 435 117 426 
150 372 164 405 157 433 140 454 126 465 146 445 134 485 128 506 121 522 127 437 122 468 130 463 134 453 113 428 115 450 124 445 129 435 103 420 109 438 118 434 121 426 
153 372 169 405 160 434 143 455 129 467 150 444 139 485 133 506 126 523 131 437 126 468 135 463 139 452 117 428 119 452 128 446 133 436 107 420 114 440 122 436 126 427 
157 372 173 404 166 433 150 454 137 465 156 444 145 485 139 508 132 524 137 437 129 470 138 465 143 455 122 428 122 452 132 447 137 437 112 420 117 439 125 436 129 427 
162 372 177 405 170 433 154 454 140 466 161 445 150 486 145 508 139 524 142 438 135 469 143 464 148 454 127 429 127 452 136 447 141 437 117 420 121 440 129 436 133 428 
166 372 182 405 175 433 158 453 145 464 166 445 156 486 150 508 144 524 146 438 139 471 147 465 152 455 132 429 132 453 142 447 146 437 121 421 126 440 134 436 138 428 
170 372 186 404 180 432 164 453 151 464 172 446 162 486 156 508 150 525 152 439 143 471 151 465 156 455 137 430 136 453 145 447 150 437 126 422 131 440 138 436 142 428 
177 373 194 404 188 433 173 453 160 464 180 447 172 488 168 509 163 525 160 440 153 472 161 466 166 456 144 431 145 454 154 448 159 438 134 423 138 441 146 437 150 428 
181 373 199 405 194 433 179 452 167 461 186 447 178 487 173 509 168 527 166 441 157 474 164 467 169 456 150 432 149 456 158 449 162 439 138 424 143 442 151 437 154 429 
185 373 203 404 198 433 183 453 171 463 190 447 183 488 179 510 174 527 170 442 161 474 168 468 173 457 154 433 153 456 162 449 167 439 142 424 147 442 155 438 158 430 
188 373 206 405 200 434 185 455 171 467 195 448 188 488 184 510 180 527 175 442 166 474 172 467 178 456 158 434 157 456 166 449 170 439 146 426 151 443 158 438 161 430 
192 374 209 405 203 435 187 457 173 468 199 448 192 488 189 510 185 528 179 443 170 474 176 467 181 456 163 435 160 456 169 449 174 438 150 426 155 443 162 439 165 430 
195 373 213 404 207 433 192 454 179 466 203 448 197 488 194 510 191 527 183 443 174 474 180 467 185 457 166 435 165 457 174 449 178 439 154 427 159 444 166 439 169 431 
199 373 217 404 212 433 198 453 186 465 208 448 202 488 199 510 195 527 187 443 179 475 184 467 189 457 170 435 169 457 177 449 181 439 158 427 163 444 170 439 172 430 
202 373 219 405 214 435 199 457 186 469 212 447 206 488 203 510 200 528 192 442 182 474 188 468 192 457 174 435 173 457 181 450 185 439 162 427 167 445 173 439 175 431 
208 373 226 404 221 434 206 455 193 467 220 447 215 488 213 510 210 528 199 442 190 475 196 466 200 454 182 436 181 457 188 449 193 438 169 429 174 445 181 439 183 430 
211 372 230 403 227 432 213 453 200 464 225 446 220 487 218 510 216 528 204 442 195 474 199 467 203 456 187 435 184 458 191 450 195 439 173 428 178 445 184 439 186 431 
214 371 234 401 231 430 218 451 206 462 229 445 225 486 224 508 222 526 208 441 200 474 204 467 208 456 191 435 189 458 196 449 200 438 177 427 181 445 188 439 190 430 
216 371 236 401 234 431 221 453 208 465 232 445 229 485 228 508 227 525 211 442 204 473 209 465 214 454 193 435 193 457 201 448 204 437 180 427 186 444 192 438 194 429 
218 371 239 400 237 431 224 454 212 468 235 444 233 485 232 506 231 524 214 441 208 474 214 466 217 455 196 435 197 458 205 449 208 437 183 427 190 445 196 439 198 430 
219 371 242 399 240 429 228 452 217 464 237 444 235 485 235 506 234 524 216 441 212 474 217 466 221 455 199 435 201 458 209 449 211 437 185 428 194 445 201 439 201 430 
221 370 245 398 244 428 232 450 221 461 237 441 237 483 237 505 236 522 216 438 216 474 223 466 225 454 199 433 205 459 213 450 214 438 186 426 197 446 204 440 205 430 
221 370 245 398 244 428 233 451 224 465 238 440 238 483 239 505 237 522 217 438 217 473 223 467 227 457 200 433 207 457 214 449 216 438 188 427 199 445 205 439 206 431 
221 370 246 399 245 429 235 452 225 467 237 440 239 482 240 504 238 521 216 438 219 475 226 467 228 455 200 433 208 459 216 450 217 439 188 428 201 447 208 441 209 432 
220 370 246 397 245 429 234 454 224 469 236 439 238 482 240 504 238 521 214 437 220 474 228 467 230 455 198 432 209 460 217 451 218 439 187 427 202 447 210 442 210 433 
219 371 244 398 243 429 232 455 222 472 236 439 238 482 239 504 237 522 215 437 219 472 227 465 229 453 199 433 209 458 217 449 217 437 187 428 201 447 209 441 209 432 
219 371 244 399 243 430 231 456 222 472 235 440 237 482 238 503 237 520 214 438 219 474 226 466 228 455 198 434 209 459 216 449 217 437 186 429 201 448 208 442 209 432 
216 370 241 399 239 429 228 455 219 472 233 439 233 481 234 502 232 519 211 436 216 473 224 466 226 456 195 432 205 458 214 449 215 437 184 428 197 447 205 442 206 433 
214 371 239 398 238 430 226 456 217 473 231 440 231 482 232 503 230 520 209 437 213 474 221 467 224 455 192 433 203 459 211 450 212 438 181 428 196 447 204 441 204 432 
213 371 237 400 235 431 223 456 214 474 227 441 229 482 230 503 229 520 206 438 212 473 220 465 223 455 190 433 202 458 211 448 212 436 180 428 195 447 203 441 204 431 
210 371 235 399 234 430 223 455 214 471 226 440 226 482 227 504 225 521 205 438 209 474 217 467 220 456 189 433 199 459 207 450 209 438 178 428 192 447 199 442 200 432 
210 371 234 400 232 431 220 456 211 473 225 441 225 482 226 504 224 521 204 438 208 473 215 467 218 456 188 433 198 458 206 450 207 438 177 428 191 447 198 441 199 432 
208 371 233 399 232 431 220 456 211 473 222 440 223 482 224 504 223 521 201 437 206 473 215 466 218 456 185 433 197 458 206 449 207 437 174 428 189 447 197 442 198 432 
206 372 231 400 231 431 220 457 210 474 221 441 221 483 222 504 220 521 200 439 206 474 213 467 216 456 184 434 196 459 204 450 205 437 173 429 189 447 196 441 197 432 
205 372 231 398 233 429 222 454 211 468 219 441 219 482 219 503 216 521 198 438 206 474 214 470 217 461 183 434 197 459 205 450 207 439 173 430 189 449 197 443 199 433 
203 372 229 398 233 426 225 449 214 461 217 442 217 481 218 502 216 519 198 440 206 473 213 473 218 469 184 436 197 459 204 451 207 440 174 432 189 449 197 444 199 434 
201 370 228 394 234 423 228 447 218 460 214 438 215 476 216 492 214 505 196 439 204 477 211 489 216 496 182 436 196 462 204 455 207 444 172 432 188 451 197 445 199 435 
198 372 225 394 233 424 229 451 220 467 211 437 211 477 212 497 210 513 193 438 202 474 210 482 215 486 180 436 194 461 201 454 205 445 170 433 185 452 193 446 196 437 
196 374 223 397 229 425 224 450 217 466 207 441 209 479 210 500 209 518 190 441 200 473 208 475 213 475 179 439 194 461 202 453 205 443 171 435 185 452 193 446 197 437 
191 375 219 397 226 427 222 454 213 470 199 442 202 481 204 501 203 519 182 442 196 469 206 463 209 456 172 439 189 461 199 453 201 443 165 435 180 453 190 447 194 438 
189 375 218 399 224 430 219 456 210 473 197 444 200 483 203 502 201 519 180 442 193 471 203 465 207 459 171 438 186 461 196 453 199 443 164 434 177 452 187 447 192 438 
187 374 216 398 222 430 218 457 209 475 194 445 198 484 201 502 198 519 178 443 192 471 203 464 205 457 169 439 186 462 196 453 199 443 163 435 177 453 187 448 191 438 
186 373 216 399 222 430 217 459 206 476 194 443 197 483 199 502 197 518 177 442 190 473 201 467 204 460 167 439 184 463 193 455 196 445 160 435 174 455 184 450 189 440 
185 373 214 400 221 431 216 459 206 477 192 446 195 485 197 503 195 519 175 443 189 471 200 464 202 456 165 440 182 462 192 453 194 443 159 436 172 454 182 449 186 439 
183 372 213 397 220 429 216 458 206 477 189 445 193 485 196 503 194 519 172 443 187 472 199 465 202 457 163 439 180 462 191 454 194 445 158 434 170 454 181 450 186 441 
183 371 213 396 221 429 217 458 206 476 187 445 191 485 194 504 192 520 171 443 187 471 199 462 201 453 162 439 180 462 190 454 194 445 157 434 169 454 180 450 186 441 
182 370 212 396 220 428 217 458 206 477 185 444 189 485 193 503 192 519 168 443 184 472 197 464 200 456 160 438 178 463 189 456 194 446 155 434 168 455 179 451 186 442 
180 370 211 395 219 429 216 459 204 477 184 443 188 484 191 503 190 519 167 442 182 473 195 466 199 456 158 438 175 464 187 458 192 448 153 434 165 456 176 454 184 445 
181 371 210 396 217 429 214 459 203 477 182 444 186 484 189 504 188 520 165 443 180 474 193 468 198 460 156 439 173 464 185 460 192 451 151 434 163 457 174 456 182 448 
178 372 207 396 215 430 211 461 199 478 180 443 183 484 186 504 186 520 162 442 174 477 188 474 195 468 152 438 168 466 181 464 189 457 147 434 159 458 171 459 180 453 
177 374 206 398 213 432 209 462 197 480 179 444 182 485 185 505 184 520 161 443 170 481 184 478 190 470 151 439 164 469 177 467 184 459 146 435 156 459 167 460 175 453 
177 376 206 400 213 433 209 463 196 479 180 443 182 484 185 505 183 521 161 443 167 482 180 483 187 478 150 440 159 470 173 471 181 465 144 436 153 460 164 462 172 457 
176 378 205 401 212 434 207 463 193 479 180 442 181 484 183 506 182 522 161 442 164 483 178 485 185 480 149 439 157 472 171 472 179 467 143 436 151 460 163 462 170 458 
174 379 203 404 210 435 207 463 194 478 180 444 181 485 183 507 181 523 161 443 163 484 177 487 184 483 150 440 155 473 168 475 176 471 143 437 150 460 160 465 168 462 
174 379 203 404 210 436 206 463 193 478 179 444 180 485 182 507 181 523 161 443 163 484 177 487 185 482 150 441 154 474 168 476 176 472 144 438 149 461 159 466 167 463 
174 379 203 403 210 435 206 463 193 479 179 443 180 485 182 506 181 522 160 442 162 485 175 489 182 485 149 440 152 475 165 479 174 475 142 437 147 462 157 468 165 466 
172 378 202 405 209 435 205 462 193 478 178 444 178 485 181 507 180 523 160 443 161 485 174 489 181 485 149 441 152 474 165 477 173 473 143 438 148 461 158 466 166 463 
173 378 202 404 209 434 205 460 194 477 178 445 178 486 181 507 180 523 160 443 160 485 173 490 181 487 149 441 151 475 165 478 173 475 143 438 147 462 157 467 165 465 
172 377 201 401 208 432 206 459 195 476 177 442 177 485 180 507 180 523 158 441 158 485 172 490 180 486 147 439 149 475 163 479 172 475 142 436 145 462 155 468 163 466 
172 377 201 401 209 433 206 460 194 476 178 443 177 485 180 508 179 524 158 441 157 486 171 490 179 485 147 439 148 475 162 478 171 474 141 436 144 461 154 467 162 464 
173 376 201 399 208 431 206 459 195 476 176 441 176 485 179 507 179 524 156 440 156 487 171 489 179 482 144 438 146 476 161 478 170 472 138 434 142 462 153 467 161 463 
172 374 201 400 209 431 205 460 194 476 178 441 177 486 179 509 178 524 157 440 156 488 170 490 177 482 144 437 145 477 158 479 166 473 137 433 138 462 149 468 156 464 
172 372 200 398 208 431 203 460 192 476 176 441 176 486 180 509 180 524 155 439 155 489 169 490 177 483 143 436 143 477 157 479 165 473 136 432 137 462 147 468 155 463 
171 370 200 397 208 430 204 460 192 476 177 440 177 487 179 510 178 526 156 439 155 489 169 491 177 483 143 436 143 478 157 480 165 473 135 431 136 463 146 469 154 465 
171 368 199 394 207 427 204 457 193 474 175 440 175 486 177 509 176 526 154 439 153 488 167 492 176 487 142 436 142 477 155 481 164 476 135 431 135 463 145 470 154 468 
171 366 198 393 207 426 204 457 193 474 175 439 174 485 176 509 176 525 154 438 152 488 167 492 177 486 142 435 142 477 155 481 165 476 135 430 135 462 145 471 154 469 
171 365 199 394 207 427 203 459 191 476 175 440 173 485 174 507 173 523 155 438 152 487 166 492 175 488 142 435 141 476 154 481 164 477 135 430 136 461 146 470 155 469 
171 365 199 393 206 426 203 457 193 475 175 440 173 484 173 507 171 523 154 438 152 486 165 492 175 488 142 435 141 475 153 481 163 478 136 430 135 460 144 470 153 470 
171 365 199 393 207 426 203 457 193 475 175 439 173 484 173 507 172 523 154 438 152 488 165 493 175 488 141 435 140 477 153 483 163 478 134 431 135 463 144 472 153 471 
171 365 199 394 206 428 202 459 192 477 175 438 173 484 174 507 173 524 153 437 151 488 165 493 174 489 140 435 139 477 153 483 162 479 133 430 133 463 143 472 152 470 
170 365 199 393 207 427 203 458 193 477 175 438 173 484 175 508 174 525 153 436 149 488 163 494 174 489 139 433 136 477 150 483 160 479 132 428 130 462 139 472 149 470 
171 364 199 393 206 426 202 457 190 474 176 437 174 484 176 507 175 523 154 436 149 487 163 494 173 489 139 432 136 477 149 484 159 479 131 427 128 461 137 471 146 471 
170 363 198 392 206 426 202 457 192 476 175 437 174 484 175 506 175 522 152 435 148 487 163 493 173 487 138 432 135 477 148 483 158 478 131 427 127 460 136 471 145 470 
170 363 198 392 205 426 201 458 191 476 175 438 173 485 175 507 174 524 152 437 148 487 163 493 172 487 138 433 135 476 148 483 158 478 131 427 128 460 136 470 145 469 
168 362 197 391 205 425 201 457 193 477 175 438 174 485 174 508 173 525 152 436 149 487 163 493 172 489 138 432 135 477 147 483 157 479 130 426 127 460 136 471 144 470 
169 362 197 391 205 425 201 457 191 477 173 438 172 485 174 508 174 524 150 436 147 488 162 494 172 489 136 432 134 477 147 483 158 479 129 426 126 460 136 471 146 470 
169 362 197 392 204 426 200 458 191 477 173 439 172 486 174 509 173 525 151 437 147 489 163 493 172 486 137 433 134 477 147 482 157 476 130 427 126 461 135 470 144 468 
168 361 196 391 204 425 200 458 191 479 173 438 171 486 173 509 172 525 150 436 147 488 162 494 172 489 137 432 134 477 147 483 156 479 130 426 126 460 134 471 143 471 
168 362 196 392 203 426 200 458 192 478 171 440 171 487 173 511 172 529 149 438 146 489 162 494 173 488 135 433 133 477 147 483 157 477 129 427 125 461 134 471 144 470 
168 361 195 391 204 426 201 458 193 478 171 438 170 486 172 510 172 526 148 436 144 488 159 494 170 489 135 432 131 476 144 483 154 480 128 426 123 460 131 471 141 471 
167 361 195 391 203 425 201 458 193 478 170 439 169 486 171 509 171 526 148 437 144 489 160 494 170 489 134 432 131 477 145 483 155 479 127 426 123 460 132 471 142 470 
167 361 194 391 203 425 201 458 193 478 169 439 169 487 171 510 171 527 147 437 144 489 159 494 170 489 133 432 131 477 144 483 155 479 127 426 123 460 132 471 141 470 
166 360 194 390 202 424 201 457 194 478 169 439 168 487 170 510 170 527 146 437 143 489 159 492 169 486 133 433 130 477 144 481 154 476 126 427 122 460 132 469 141 467 
167 360 194 391 203 425 201 457 193 478 169 439 168 487 170 511 170 527 146 437 144 490 160 493 169 486 132 432 130 477 145 482 155 476 125 426 122 460 132 469 141 467 
167 360 194 390 203 425 201 458 192 478 170 438 168 487 170 510 170 526 147 437 143 489 159 492 169 486 133 432 130 477 144 481 154 476 126 426 122 460 131 469 140 468 
166 359 194 390 203 424 201 457 192 477 169 439 167 487 170 510 170 526 146 437 143 489 159 492 169 485 133 432 130 476 144 480 154 474 126 426 122 459 132 468 141 466 
167 359 195 389 203 424 201 457 193 478 170 438 168 487 170 510 170 526 147 436 144 489 160 492 170 485 134 431 131 477 146 481 155 475 127 425 123 460 132 469 141 467 
167 359 195 390 203 424 202 456 195 478 170 439 168 488 171 511 171 527 147 437 145 490 161 492 171 485 134 433 132 477 146 481 156 474 127 426 123 461 132 469 141 467 
167 360 194 391 203 425 201 457 194 478 170 441 169 489 171 512 170 528 147 439 145 491 161 492 170 484 134 434 132 478 146 481 155 474 126 427 123 461 132 469 141 466 
166 359 194 390 203 425 202 457 194 478 169 440 168 488 170 512 170 528 147 438 144 489 160 493 170 487 133 433 131 477 145 481 155 476 127 427 123 459 132 469 141 468 
166 359 194 390 203 424 202 457 195 478 170 439 169 488 170 511 170 527 147 438 145 490 161 492 171 485 134 434 132 478 147 481 156 474 126 428 124 462 134 469 143 467 
166 360 193 391 202 425 201 458 194 478 168 441 168 489 169 511 169 528 146 440 145 490 160 492 170 486 133 435 132 478 146 481 155 475 126 429 124 462 133 470 142 468 
164 361 191 393 200 427 199 459 192 478 168 443 167 490 168 512 167 529 146 442 146 491 161 492 169 484 133 437 133 479 147 481 155 473 125 431 125 463 134 470 142 467 
164 362 191 393 200 427 199 459 192 479 167 443 167 490 168 512 168 528 146 442 145 491 160 492 169 485 132 437 133 478 146 481 155 475 125 431 124 462 133 470 142 468 
164 362 191 394 200 428 199 459 192 479 166 444 165 490 168 513 167 530 145 442 145 490 160 492 168 485 132 437 132 477 146 480 155 474 125 431 124 462 133 469 143 467 
164 363 191 394 200 428 199 460 191 480 168 444 166 491 168 513 167 530 147 443 146 491 161 492 169 484 133 438 134 479 147 481 155 474 125 432 125 464 134 470 143 467 
163 363 190 394 199 428 198 459 192 480 166 446 166 491 168 513 168 529 145 443 146 490 160 492 169 486 132 438 134 477 146 481 155 475 125 431 125 461 134 470 143 469 
163 365 190 395 199 429 199 459 193 480 166 447 165 492 167 513 168 529 145 444 146 491 160 492 168 485 132 439 134 477 147 480 155 474 125 432 126 461 135 469 143 467 
163 365 191 395 200 429 200 460 193 481 166 444 165 491 168 514 167 530 145 442 146 492 161 492 169 483 132 438 134 479 148 480 157 473 125 432 126 464 136 470 144 466 
163 365 191 395 200 428 199 460 194 481 167 445 166 491 168 513 167 530 146 443 146 491 160 493 168 487 133 438 134 478 146 482 154 477 126 432 125 463 134 471 143 470 
164 366 191 397 200 430 199 460 194 481 167 446 166 492 168 514 168 530 146 444 147 492 161 493 169 485 133 439 135 479 147 481 156 475 126 432 126 463 135 471 143 468 
162 365 190 395 200 429 200 460 194 481 166 446 166 491 168 513 168 529 145 444 146 491 160 493 169 487 132 439 134 478 147 481 155 476 126 432 126 463 134 471 143 469 
163 367 190 397 200 430 200 460 194 481 166 447 166 492 168 514 168 529 145 445 147 491 160 494 168 488 132 440 135 478 146 482 154 477 125 433 125 463 134 471 142 470 
163 368 191 396 200 429 200 460 196 481 166 449 165 493 168 514 168 530 145 447 147 493 161 493 169 486 132 441 135 480 148 482 157 475 125 435 127 465 136 472 144 469 
164 368 191 396 200 430 200 461 197 483 166 449 166 494 168 515 168 531 145 447 147 494 162 494 170 487 132 442 136 481 149 482 158 476 125 435 127 466 137 472 146 469 
163 368 191 398 200 431 200 462 196 484 167 448 166 494 168 515 168 531 146 447 148 494 162 496 171 489 133 442 136 482 150 484 158 477 126 436 128 467 138 474 146 472 
163 368 191 398 200 432 200 462 197 485 166 449 166 494 168 516 169 531 146 447 148 493 162 495 171 489 133 442 137 480 150 482 159 476 126 435 128 465 138 472 147 469 
162 368 191 398 199 432 200 462 197 485 167 451 166 495 168 516 169 531 146 449 148 494 162 496 171 491 133 443 137 480 150 483 159 478 127 436 129 465 139 473 147 471 
163 370 192 399 200 432 201 462 198 485 166 451 165 495 167 517 169 533 146 448 148 494 162 496 172 491 133 443 137 481 151 483 160 478 126 437 129 466 139 473 148 471 
162 371 191 399 199 433 200 464 197 486 166 451 166 495 167 517 168 533 145 449 148 494 163 498 172 494 133 444 137 482 151 485 160 481 126 437 129 467 139 475 148 474 
162 371 191 399 200 433 200 464 197 487 166 450 166 495 167 517 168 533 145 448 148 494 163 499 173 496 132 443 137 482 151 486 160 482 126 437 129 467 140 476 150 474 
162 372 190 399 198 433 199 464 197 487 166 452 165 496 166 518 167 534 145 450 147 495 161 502 171 502 132 443 136 482 149 488 159 485 125 436 129 467 139 475 149 475 
161 373 190 400 198 434 199 466 196 489 165 453 165 497 167 518 168 533 145 451 148 496 162 502 171 501 132 445 136 483 150 487 159 484 125 438 128 468 139 476 149 475 
161 373 189 400 197 434 199 465 196 488 165 453 164 497 166 518 166 534 144 450 146 496 162 499 171 494 132 445 135 483 150 485 159 480 124 438 128 468 139 474 148 471 
160 374 188 401 197 435 198 466 195 488 165 453 164 498 166 519 167 535 144 451 147 496 162 499 171 495 131 445 135 483 149 485 158 480 124 438 127 469 138 475 146 472 
160 374 187 401 196 435 197 466 195 488 165 454 164 498 167 519 167 535 144 452 147 497 161 499 169 494 131 445 135 483 148 485 157 480 123 438 126 468 137 474 146 471 
160 374 188 402 196 436 197 467 195 490 165 455 165 499 167 520 168 536 145 452 148 497 162 499 170 495 131 446 136 484 149 485 157 480 123 438 126 468 137 474 145 470 
160 375 187 403 195 437 196 468 194 491 167 456 166 501 169 522 170 537 146 453 148 499 162 501 170 497 132 446 136 486 149 487 158 481 123 438 126 470 137 474 145 470 
159 374 187 403 195 437 196 467 195 491 166 456 166 500 168 521 170 537 145 453 149 497 162 500 170 496 132 446 136 484 150 486 158 480 123 438 126 469 137 474 145 470 
159 375 187 403 195 437 196 468 195 492 167 457 167 501 170 521 171 536 146 454 149 499 164 500 172 494 132 447 137 485 150 485 158 478 123 438 126 469 138 473 145 468 
160 375 187 403 195 437 196 468 195 492 166 458 166 501 168 521 170 537 145 454 148 498 162 498 169 493 131 447 136 483 149 483 156 476 122 439 126 468 136 471 144 466 
159 374 187 403 195 437 196 468 195 492 166 456 166 500 168 521 169 537 145 453 148 498 162 498 169 493 131 446 136 484 149 484 156 478 123 438 126 468 137 472 144 468 
160 375 187 404 195 438 196 468 194 491 167 458 166 501 169 522 171 537 146 454 148 498 161 501 169 496 132 447 135 484 148 486 156 480 123 438 126 468 136 472 144 469 
160 375 187 403 196 437 196 467 195 491 166 457 166 500 168 521 169 537 145 453 149 498 163 498 170 492 132 446 137 484 150 483 157 477 123 438 126 468 138 472 145 467 
160 376 188 404 196 438 196 468 195 491 166 459 166 502 169 522 171 536 146 455 148 498 161 499 170 494 132 447 136 484 148 485 156 479 123 439 126 469 137 473 145 469 
160 376 188 404 196 438 196 468 194 491 166 458 166 501 168 522 169 538 146 454 148 499 162 498 169 492 132 447 136 484 149 484 157 476 123 438 126 468 138 472 145 466 
160 376 188 404 196 438 197 468 195 491 167 458 166 501 168 522 169 538 146 454 148 498 162 499 169 493 133 446 136 484 149 484 157 477 123 438 127 468 137 471 145 467 
161 376 188 404 196 438 197 468 194 491 166 458 166 501 169 521 170 537 146 454 148 498 163 498 170 492 132 447 136 484 150 483 157 477 123 438 127 468 138 471 145 466 
160 375 187 403 195 437 196 467 195 490 167 457 166 500 168 521 169 537 146 453 148 497 162 498 170 493 133 446 136 483 149 484 157 478 123 437 126 467 137 472 145 467 
160 375 187 403 195 436 196 466 196 490 166 457 166 500 168 522 169 538 146 453 148 497 161 499 169 495 132 446 136 483 148 484 156 478 124 437 126 467 137 472 144 468 
160 376 187 403 195 437 196 467 195 491 167 457 167 500 169 521 170 537 146 454 149 498 163 497 171 491 132 447 137 484 150 483 157 476 123 438 126 468 137 471 145 466 
160 376 187 403 195 437 195 468 193 491 166 456 166 500 169 521 170 537 146 453 149 497 163 497 171 492 132 446 136 483 150 482 157 475 123 437 126 467 137 470 145 465 
160 376 187 403 195 436 195 466 195 490 166 458 166 501 170 521 171 536 145 454 148 498 162 499 170 494 132 446 136 483 149 483 157 476 123 437 126 467 137 470 145 466 
160 375 187 403 195 437 195 466 195 490 166 457 166 500 168 521 169 537 146 453 148 497 162 497 170 492 132 446 136 483 149 482 157 475 123 438 126 468 137 471 144 466 
159 375 187 403 195 436 196 466 195 490 165 456 165 500 169 520 170 536 145 453 148 497 162 499 170 495 131 446 136 484 149 484 157 479 123 437 126 468 137 472 145 468 
160 376 188 404 195 438 195 468 194 491 166 458 166 502 168 522 170 537 145 454 147 498 161 498 169 493 131 446 135 483 148 483 156 476 123 437 126 467 137 470 145 466 
160 375 187 403 195 437 196 468 195 491 166 458 166 501 168 522 169 537 145 454 148 498 161 498 169 493 132 447 136 483 149 483 157 476 123 438 126 467 137 470 145 465 
160 375 187 403 195 437 196 466 195 490 167 457 166 500 169 521 170 536 146 454 149 498 162 499 170 494 132 447 137 484 149 484 157 478 123 438 126 468 137 472 145 467 
160 375 187 403 195 436 195 466 196 490 166 458 166 501 169 521 171 536 146 455 148 498 161 499 170 495 132 447 136 484 149 484 157 479 123 438 126 467 137 471 145 467 
160 375 187 403 195 436 196 466 196 490 166 457 166 500 168 521 170 536 145 454 147 498 161 499 169 494 132 446 135 484 149 484 157 478 123 437 126 467 137 471 145 467 
160 375 187 403 195 437 196 467 195 490 166 457 166 501 169 521 170 537 145 454 148 499 162 500 170 496 131 447 136 485 149 485 157 479 122 438 126 469 137 472 145 468 
160 375 187 403 195 438 196 469 194 492 166 457 165 501 168 522 169 538 146 454 148 498 161 497 169 491 132 446 135 484 149 483 156 476 123 438 126 468 137 472 145 467 
160 375 187 404 195 438 196 468 195 491 166 457 166 500 168 521 169 537 145 454 148 498 162 499 170 495 132 447 135 485 149 485 156 479 122 438 126 469 137 473 144 468 
159 375 187 404 195 438 195 468 193 491 166 457 166 501 168 522 170 537 145 454 147 499 161 501 169 496 131 447 135 485 148 486 156 480 122 438 125 469 136 473 144 469 
160 375 187 404 195 438 195 469 194 492 166 456 166 500 168 522 169 537 145 453 147 499 162 500 171 494 131 446 135 486 150 485 158 479 121 437 125 469 137 473 145 468 
159 374 187 403 195 437 196 468 195 492 165 458 165 501 167 522 168 538 144 454 146 498 160 500 168 495 131 446 134 484 148 485 156 479 122 438 124 468 136 472 144 468 
158 374 186 402 194 437 195 467 194 491 166 456 165 500 168 522 169 537 145 453 147 498 160 502 168 498 131 446 134 485 147 487 156 481 122 438 124 469 134 474 142 471 
158 374 186 403 194 436 195 466 195 490 166 457 166 500 168 521 169 537 145 453 147 499 160 504 168 502 131 446 134 485 147 488 156 483 122 438 124 469 134 474 142 471 
157 374 185 402 194 436 195 467 195 492 165 455 166 500 168 521 170 536 144 452 146 499 159 504 167 502 130 445 133 486 146 490 155 485 121 437 124 469 134 476 142 474 
158 375 186 403 194 436 194 466 195 490 165 458 166 502 168 522 170 538 144 455 146 500 160 504 168 502 130 448 133 486 147 488 155 484 121 439 124 469 134 475 142 472 
158 376 186 403 194 437 194 467 195 492 165 459 166 502 169 523 170 539 144 456 146 500 159 505 167 504 130 448 134 487 147 490 156 485 121 439 124 470 135 476 143 473 
160 379 186 406 194 438 195 468 197 494 168 461 167 505 170 526 172 541 146 457 148 502 159 508 167 506 131 450 134 489 146 493 154 489 121 441 124 473 133 479 141 477 
161 381 187 409 195 442 197 472 198 497 168 461 169 506 171 527 173 543 147 458 148 505 161 508 170 504 132 451 134 492 147 495 155 489 122 442 124 474 134 481 141 480 
162 383 188 411 197 443 198 473 199 498 169 463 170 508 172 530 173 546 147 461 149 508 162 507 169 501 132 454 135 494 147 494 154 487 122 445 125 477 136 481 142 477 
164 386 191 414 199 447 200 477 201 502 172 468 173 513 175 535 176 551 150 464 151 511 165 511 173 505 134 457 138 497 151 497 159 491 124 448 128 479 138 484 145 479 
167 389 194 417 202 450 203 481 203 505 175 469 177 515 179 538 180 555 153 466 155 514 168 515 176 509 137 459 141 501 154 502 162 494 127 451 131 483 141 488 148 483 
170 392 197 420 206 453 207 484 207 508 178 472 180 518 182 541 183 557 155 469 158 517 171 519 179 514 140 463 143 505 156 506 164 500 130 454 134 487 144 492 152 489 
172 396 200 423 209 456 210 487 212 511 183 478 184 524 186 547 188 564 160 475 162 522 173 525 181 521 143 468 147 509 159 510 168 505 133 459 138 491 147 496 155 493 
175 400 204 427 213 461 214 492 214 516 186 480 189 528 191 551 193 567 162 478 164 527 177 529 185 523 146 471 149 514 162 515 170 509 135 462 140 495 150 501 157 497 
182 410 213 438 225 472 227 505 226 530 193 492 201 539 208 560 211 575 168 490 173 540 186 545 195 539 152 485 157 528 171 533 181 527 143 478 149 512 161 518 170 514 
185 417 218 443 230 478 232 511 234 537 200 499 210 548 218 570 223 585 174 499 180 550 195 556 204 550 158 494 164 539 179 544 189 539 149 487 155 522 167 529 176 526 
191 425 225 452 238 488 241 521 241 548 207 508 219 557 228 579 233 595 181 509 189 561 203 570 212 566 164 504 171 551 186 559 198 555 155 498 161 534 174 543 184 541 
198 436 233 463 248 499 251 533 250 561 218 517 229 568 237 590 242 605 190 519 197 574 212 584 222 580 172 515 179 564 194 574 206 571 163 509 169 546 182 557 193 557 
206 447 242 475 258 511 262 546 262 574 227 530 240 581 249 604 255 618 200 532 210 588 224 597 235 593 181 530 191 579 206 588 219 586 172 525 179 562 192 574 205 575 
216 460 253 489 270 526 275 560 274 589 242 546 256 597 266 620 272 634 213 549 225 603 239 613 249 610 194 546 204 594 218 605 230 604 183 540 191 578 204 590 216 592 
224 473 265 502 282 539 288 574 288 603 254 562 271 612 281 636 288 653 226 565 239 618 252 630 261 628 207 563 217 610 230 623 241 624 196 557 205 594 217 607 228 610 
235 487 278 516 296 555 300 590 302 620 271 579 287 629 296 654 304 672 242 583 253 634 263 649 272 649 221 581 231 626 241 641 251 644 207 574 218 611 229 623 239 627 
251 503 297 539 315 581 321 619 326 651 288 606 301 645 310 663 316 674 263 611 273 653 280 676 289 686 244 609 250 649 256 670 264 680 233 604 238 636 243 652 249 659 
264 520 312 557 331 600 337 640 339 674 306 619 322 661 331 689 338 710 279 627 285 675 290 707 299 726 257 626 261 672 270 697 280 710 242 622 246 660 254 678 265 686 
272 538 321 574 341 616 346 655 347 688 320 636 336 681 343 711 345 734 292 643 294 696 295 727 297 747 269 643 272 693 279 714 285 724 252 639 256 678 265 694 272 699 
283 552 329 588 347 627 352 661 354 689 333 652 343 697 349 714 351 722 307 656 311 706 316 729 320 743 284 656 285 704 287 729 288 745 265 653 268 690 272 709 275 720 
-1 -1 -1 -1 -1 -1 -1 -1 -1 -1 -1 -1 -1 -1 -1 -1 -1 -1 -1 -1 -1 -1 -1 -1 -1 -1 -1 -1 -1 -1 -1 -1 -1 -1 -1 -1 -1 -1 -1 -1 -1 -1 
-1 -1 -1 -1 -1 -1 -1 -1 -1 -1 -1 -1 -1 -1 -1 -1 -1 -1 -1 -1 -1 -1 -1 -1 -1 -1 -1 -1 -1 -1 -1 -1 -1 -1 -1 -1 -1 -1 -1 -1 -1 -1 
-1 -1 -1 -1 -1 -1 -1 -1 -1 -1 -1 -1 -1 -1 -1 -1 -1 -1 -1 -1 -1 -1 -1 -1 -1 -1 -1 -1 -1 -1 -1 -1 -1 -1 -1 -1 -1 -1 -1 -1 -1 -1 
-1 -1 -1 -1 -1 -1 -1 -1 -1 -1 -1 -1 -1 -1 -1 -1 -1 -1 -1 -1 -1 -1 -1 -1 -1 -1 -1 -1 -1 -1 -1 -1 -1 -1 -1 -1 -1 -1 -1 -1 -1 -1 
