-1 -1 -1 -1 -1 -1 -1 -1 -1 -1 -1 -1 -1 -1 -1 -1 -1 -1 -1 -1 -1 -1 -1 -1 -1 -1 -1 -1 -1 -1 -1 -1 -1 -1 -1 -1 -1 -1 -1 -1 -1 -1 
-1 -1 -1 -1 -1 -1 -1 -1 -1 -1 -1 -1 -1 -1 -1 -1 -1 -1 -1 -1 -1 -1 -1 -1 -1 -1 -1 -1 -1 -1 -1 -1 -1 -1 -1 -1 -1 -1 -1 -1 -1 -1 
-1 -1 -1 -1 -1 -1 -1 -1 -1 -1 -1 -1 -1 -1 -1 -1 -1 -1 -1 -1 -1 -1 -1 -1 -1 -1 -1 -1 -1 -1 -1 -1 -1 -1 -1 -1 -1 -1 -1 -1 -1 -1 
-1 -1 -1 -1 -1 -1 -1 -1 -1 -1 -1 -1 -1 -1 -1 -1 -1 -1 -1 -1 -1 -1 -1 -1 -1 -1 -1 -1 -1 -1 -1 -1 -1 -1 -1 -1 -1 -1 -1 -1 -1 -1 
-1 -1 -1 -1 -1 -1 -1 -1 -1 -1 -1 -1 -1 -1 -1 -1 -1 -1 -1 -1 -1 -1 -1 -1 -1 -1 -1 -1 -1 -1 -1 -1 -1 -1 -1 -1 -1 -1 -1 -1 -1 -1 
393 444 420 429 446 435 465 450 476 467 464 439 501 452 522 463 536 473 457 455 497 480 514 499 523 515 447 471 481 496 496 513 503 527 434 486 458 506 469 518 475 528 
392 453 419 442 446 449 464 464 476 480 461 451 499 466 520 479 534 490 452 465 492 494 509 516 518 534 440 480 475 510 490 530 498 546 425 495 452 519 464 534 472 546 
390 464 416 452 442 458 459 473 471 490 459 459 498 474 519 489 532 502 450 473 490 503 505 526 510 542 438 489 475 519 487 538 492 552 423 506 452 530 462 544 466 555 
389 466 421 456 446 462 463 476 477 491 462 464 499 474 520 489 532 502 451 477 489 504 501 526 503 540 437 493 473 520 484 537 486 546 424 511 452 532 462 541 465 546 
389 465 421 455 448 462 464 475 476 490 464 461 501 474 524 490 538 502 451 474 490 505 497 525 494 533 436 491 472 520 478 534 477 538 421 507 449 531 453 535 452 533 
388 463 418 451 442 458 457 472 466 487 464 460 503 472 527 487 542 499 453 473 487 511 480 523 470 521 438 489 469 526 458 529 446 521 422 506 446 533 439 532 432 523 
384 461 416 450 440 459 454 474 462 489 463 460 502 474 525 489 540 500 452 473 484 513 473 522 462 517 437 489 466 527 453 528 441 519 420 506 442 534 434 532 427 522 
382 458 412 448 437 457 451 472 457 486 463 458 503 473 525 488 540 501 453 471 483 514 470 522 458 516 439 487 465 527 449 527 438 516 422 502 441 533 430 530 422 520 
380 458 412 448 437 457 452 472 457 486 463 457 502 472 525 487 541 499 453 470 483 512 470 520 458 513 439 486 465 525 449 525 438 514 422 502 441 531 431 529 422 519 
378 456 410 447 436 456 450 471 456 485 462 455 502 471 525 486 541 497 453 469 482 510 469 517 457 510 439 485 464 523 449 523 437 512 422 501 442 530 431 528 422 518 
375 456 409 446 436 455 451 471 458 485 461 455 501 470 524 485 540 497 452 469 482 510 470 516 458 508 438 485 464 523 449 521 438 511 422 502 442 530 431 527 423 517 
374 454 407 444 434 453 448 469 453 483 461 453 501 468 524 484 539 495 452 467 482 509 469 515 457 508 439 483 464 521 449 521 437 511 423 500 442 529 431 526 422 517 
373 452 408 444 434 453 448 469 453 483 461 454 501 468 524 483 539 494 452 467 481 509 468 515 456 507 438 484 463 522 448 520 436 510 422 500 441 529 429 526 420 516 
372 452 406 444 433 453 447 469 451 483 460 453 500 468 523 483 539 495 452 467 481 509 468 515 456 506 438 483 463 521 447 520 436 509 422 499 441 528 429 525 420 515 
372 452 406 444 433 452 448 468 452 483 459 453 500 468 524 482 540 494 451 467 481 509 468 515 456 507 438 483 462 521 447 520 435 509 421 499 439 528 428 525 419 515 
370 452 405 443 432 451 446 467 450 482 459 453 499 468 522 482 538 493 451 467 480 509 467 514 455 506 438 484 461 521 446 519 435 509 421 500 439 527 428 524 419 515 
370 450 405 443 432 453 445 469 449 483 458 453 499 467 523 481 539 493 450 466 480 509 466 515 454 506 436 481 461 521 445 519 434 508 419 497 438 527 427 524 417 513 
369 451 403 442 430 451 445 467 449 482 457 453 498 466 522 481 538 492 449 466 478 508 465 515 454 507 436 482 460 520 444 519 433 508 419 498 437 526 426 523 417 514 
368 450 402 442 429 451 444 467 449 481 457 452 498 466 521 481 537 492 449 465 478 508 464 515 453 507 435 481 459 520 443 518 431 507 418 497 436 526 424 523 415 512 
367 450 402 441 429 450 443 466 448 481 457 453 497 467 520 481 536 493 448 466 475 509 461 515 450 507 434 481 457 521 441 519 430 507 416 497 434 526 423 523 414 513 
365 449 400 441 427 450 442 466 447 480 455 452 496 467 519 482 535 493 447 466 475 508 461 514 450 506 433 481 456 520 440 518 429 507 416 497 433 526 421 523 413 513 
364 448 399 441 426 450 440 466 444 480 454 453 495 467 518 481 534 492 446 466 473 509 459 514 448 505 431 482 454 520 438 518 427 506 414 497 431 526 420 522 411 512 
362 448 397 439 424 448 438 464 442 479 452 452 493 466 516 481 533 493 443 465 472 508 460 514 448 507 429 481 453 520 438 518 427 507 412 497 430 526 419 523 411 513 
360 447 395 440 422 449 436 464 440 479 449 452 491 466 515 481 532 492 441 465 469 508 457 514 446 506 427 481 451 520 436 518 425 507 409 497 428 526 417 522 409 513 
356 447 391 439 418 448 433 464 436 478 447 452 488 466 512 481 528 493 438 466 466 510 453 515 442 507 423 482 447 521 432 519 421 507 405 497 424 526 413 523 405 513 
355 447 389 440 416 450 431 466 434 480 445 452 487 466 511 482 527 495 436 465 466 510 453 516 441 507 421 480 447 522 431 519 420 507 404 496 423 527 412 523 403 512 
352 446 388 440 414 450 428 466 432 480 444 453 485 468 509 483 526 495 434 466 462 511 448 516 437 507 419 482 443 523 427 519 416 507 400 497 419 527 408 523 400 512 
350 446 385 439 412 449 426 465 430 478 441 453 483 468 508 484 524 496 432 466 461 512 448 518 437 509 417 482 441 524 426 521 415 509 398 497 417 528 406 524 398 513 
348 446 383 440 411 450 425 467 428 481 439 454 481 470 506 485 523 497 430 468 458 513 445 518 434 509 414 483 438 524 423 522 412 509 396 498 414 529 404 525 395 514 
346 447 381 440 409 449 423 466 426 480 438 454 480 470 504 486 521 498 428 468 457 514 444 520 432 510 412 483 437 525 421 523 410 510 393 498 413 530 402 526 393 514 
344 447 380 440 407 450 422 466 425 481 436 455 478 471 503 487 519 500 426 468 454 514 442 521 431 512 409 483 434 526 419 524 408 512 390 498 409 529 400 526 391 516 
342 447 377 441 405 451 419 468 423 483 434 455 476 473 499 489 516 501 424 468 452 515 440 522 428 513 408 484 432 527 417 525 405 513 388 499 408 531 398 528 389 517 
340 447 376 442 403 452 417 469 421 484 433 456 474 474 498 490 515 502 422 469 450 517 437 523 426 514 406 484 430 528 414 526 403 513 386 499 405 532 394 528 386 517 
337 448 374 442 402 453 416 470 420 485 430 457 472 475 496 492 513 504 419 470 448 518 435 524 424 515 402 485 427 529 412 528 401 515 382 500 402 533 393 530 384 519 
336 448 372 442 399 453 414 470 417 485 429 458 471 476 496 493 513 505 418 470 446 519 433 526 421 516 400 485 425 530 410 529 399 516 380 499 400 533 390 531 382 520 
333 449 370 442 398 453 412 470 416 486 426 459 469 477 493 494 510 507 415 472 443 520 431 526 419 516 398 487 422 531 407 529 397 516 378 501 397 534 387 531 379 520 
330 449 367 442 395 453 411 470 415 485 425 459 467 476 492 494 509 507 413 471 442 520 429 527 418 517 395 486 421 531 405 529 394 516 375 500 395 534 386 531 377 520 
328 448 366 441 394 452 409 470 413 484 424 459 466 477 491 494 507 507 412 471 440 520 427 526 415 516 394 486 419 531 404 529 393 515 373 500 394 534 384 531 375 519 
324 446 362 440 391 451 407 469 411 484 420 457 463 474 487 492 503 505 408 470 437 519 424 525 412 515 390 484 415 529 401 527 390 514 370 499 391 532 382 529 374 519 
322 444 361 438 390 449 405 467 408 482 419 455 462 473 487 491 504 504 407 468 436 517 423 523 411 513 389 483 414 528 400 526 389 513 369 497 389 531 380 528 372 517 
321 443 360 438 389 450 404 468 407 483 418 454 461 472 486 490 503 503 405 467 435 515 422 521 410 511 387 482 413 526 399 524 388 511 367 496 389 530 380 526 371 515 
320 442 360 437 389 448 404 466 407 481 417 452 460 471 485 489 502 502 405 465 435 514 422 519 410 509 387 481 413 525 398 522 387 509 367 496 389 529 379 524 370 513 
320 440 359 435 388 447 403 465 406 480 417 451 459 470 484 487 502 500 404 464 434 512 421 518 409 508 387 479 413 523 398 520 387 507 366 494 388 527 379 523 370 511 
320 438 359 434 387 446 402 463 404 478 417 450 460 468 484 485 502 498 405 463 435 510 421 517 409 508 387 477 412 522 398 520 387 507 367 492 387 526 378 522 370 511 
319 437 358 433 387 445 402 462 405 477 417 448 459 466 484 484 501 496 405 460 434 509 421 515 408 505 387 475 412 520 397 518 386 505 367 490 388 524 378 520 369 508 
319 435 358 431 387 443 401 461 404 475 417 446 459 464 483 481 501 494 405 458 435 506 421 512 408 503 388 473 413 517 397 514 387 502 367 488 388 521 378 517 369 506 
319 433 358 429 386 441 400 458 402 472 416 444 458 461 483 478 501 491 405 456 436 503 422 509 409 500 388 471 414 514 398 512 388 499 368 486 389 519 379 515 370 503 
320 431 358 427 386 438 400 455 403 470 417 442 459 459 483 475 501 488 406 454 436 501 422 507 410 498 389 469 414 513 399 510 388 498 369 483 390 517 380 512 371 501 
321 429 358 425 387 437 400 453 402 467 417 439 460 456 485 473 503 485 407 451 437 499 422 505 410 495 390 466 415 510 399 507 388 494 370 481 390 515 379 510 370 498 
322 427 359 423 387 435 401 452 403 466 418 437 459 454 484 471 502 483 407 449 437 496 424 502 411 493 390 464 416 507 400 505 390 493 371 479 392 512 381 508 373 497 
323 426 359 421 388 432 402 448 404 462 419 435 461 451 485 468 503 480 408 447 438 494 424 501 412 492 392 462 417 506 401 503 390 491 372 477 392 510 381 506 372 494 
323 424 360 419 389 431 403 448 405 462 419 433 461 449 485 465 503 477 409 445 439 491 425 497 413 488 392 460 417 502 402 499 391 487 373 475 394 507 383 503 374 491 
325 422 362 417 389 428 403 445 405 459 420 431 462 447 486 463 504 475 410 443 441 488 427 495 415 486 394 458 419 500 403 498 393 486 374 472 395 505 384 501 375 490 
326 420 363 415 391 426 405 442 407 455 421 428 463 444 487 459 504 471 412 440 442 485 428 491 416 483 396 455 420 497 405 494 394 482 377 471 397 502 386 498 377 487 
327 418 363 413 391 424 406 440 408 453 422 426 463 442 487 457 504 469 412 438 442 482 429 488 417 480 396 453 421 494 406 491 395 480 377 468 398 499 387 495 378 484 
329 416 366 410 395 419 409 434 412 447 423 420 464 435 489 450 506 461 414 433 445 475 432 482 419 474 399 448 424 488 408 485 398 473 381 464 401 494 390 489 381 479 
330 412 366 407 394 416 408 432 411 444 424 417 465 432 489 447 506 458 416 429 447 472 434 478 422 471 401 445 425 484 410 482 400 471 383 460 403 490 392 486 383 476 
332 410 367 404 395 414 408 429 411 442 425 414 466 428 490 443 507 454 417 426 448 469 435 477 423 470 402 441 427 482 411 480 401 469 384 457 404 488 393 484 384 473 
333 409 369 402 396 412 410 427 413 439 426 412 466 426 490 441 507 452 417 425 448 466 436 473 424 466 403 440 428 479 413 477 402 466 385 455 405 485 394 481 385 471 
335 407 370 401 397 410 411 425 414 438 427 410 468 423 491 438 507 449 418 423 449 464 437 472 425 465 404 438 429 477 413 476 402 465 387 453 405 483 394 480 385 469 
336 406 371 399 398 408 412 423 416 436 427 409 468 422 491 436 507 448 419 421 451 462 439 471 427 464 405 436 430 475 415 474 404 463 387 451 406 481 396 478 387 468 
337 405 371 398 398 407 412 422 415 435 428 408 468 421 490 436 506 447 420 420 451 461 439 470 427 463 406 435 431 474 416 474 405 463 388 450 408 480 397 477 388 468 
338 404 371 397 398 406 412 420 416 433 429 408 468 421 491 436 506 447 420 419 451 461 439 470 427 463 406 434 431 474 416 473 404 462 388 449 406 479 396 476 387 466 
339 404 372 397 399 406 414 420 419 433 429 407 469 420 491 436 506 447 420 418 452 460 441 469 430 463 406 433 431 472 417 472 405 462 388 448 408 478 398 476 388 466 
339 404 372 397 399 406 413 420 418 433 429 407 469 421 491 436 505 447 421 418 452 459 441 469 429 463 406 433 431 472 417 472 405 462 389 448 407 478 397 476 388 466 
340 405 373 397 400 406 414 421 419 434 429 407 469 421 491 436 505 448 421 419 452 460 441 469 429 463 407 434 431 473 417 472 405 462 389 449 407 478 397 476 389 466 
340 405 373 398 400 407 414 422 418 434 429 408 468 421 490 436 504 448 420 420 451 461 440 468 428 461 406 435 431 474 416 473 405 462 389 450 408 480 398 477 389 467 
340 406 372 398 399 407 414 422 419 435 429 408 468 422 490 437 504 448 420 420 452 461 441 469 429 463 406 434 431 473 416 473 405 462 388 450 407 479 397 477 388 467 
340 407 373 400 400 409 415 424 419 437 429 409 468 423 490 438 504 449 420 421 451 462 439 469 427 462 406 436 431 475 416 474 405 463 389 452 407 481 396 478 388 468 
340 408 373 401 400 410 414 425 419 437 429 410 468 423 490 438 505 450 420 422 450 463 438 470 426 462 406 437 431 476 415 474 404 462 389 452 408 482 396 478 388 468 
340 408 372 401 399 410 413 424 417 437 428 411 468 423 490 438 504 450 420 423 450 464 438 470 426 463 405 438 431 476 415 475 404 463 388 453 408 482 396 479 387 469 
340 409 372 401 399 410 414 425 418 438 428 411 468 424 490 439 504 451 420 424 450 465 437 471 426 463 405 439 430 477 415 475 403 464 388 454 407 483 396 479 387 469 
339 409 371 401 398 410 412 424 416 437 427 411 467 424 489 439 504 451 419 423 450 465 438 472 427 464 404 439 430 478 415 476 404 465 387 454 407 483 396 480 387 470 
338 409 371 401 398 410 413 424 417 438 426 411 466 424 489 439 504 450 418 424 449 465 437 471 425 463 403 439 430 478 414 476 403 465 386 454 406 483 396 480 387 470 
338 409 370 402 397 411 412 425 415 438 426 411 466 424 488 439 503 451 418 423 449 464 436 471 425 463 404 438 429 477 414 476 402 464 386 454 406 483 395 480 386 469 
338 409 371 402 397 410 412 425 416 437 426 411 466 424 488 439 503 451 418 423 449 465 436 472 424 464 403 438 429 477 413 476 402 464 386 454 406 483 395 480 386 470 
337 409 370 402 397 410 411 425 415 438 426 411 466 423 488 438 503 450 417 423 449 464 437 471 425 463 403 438 428 477 413 475 402 464 386 453 406 482 395 479 386 469 
336 409 369 401 396 410 410 425 414 437 425 410 465 423 488 438 503 449 417 422 448 464 436 470 424 462 403 437 428 476 413 474 402 463 386 453 405 482 394 479 385 468 
337 408 370 401 397 410 412 425 415 437 426 410 465 423 488 437 502 449 418 422 447 464 434 470 422 461 404 437 428 477 411 474 401 462 387 453 405 482 393 478 384 468 
336 409 370 402 397 411 412 426 415 438 426 410 465 423 487 438 503 449 417 423 447 464 433 470 422 461 403 438 427 477 411 474 400 462 386 453 404 482 392 478 384 468 
335 409 369 402 397 411 412 426 416 438 424 410 464 423 486 438 502 450 416 423 446 464 433 470 422 461 403 438 427 477 411 475 400 463 386 454 404 483 392 479 383 469 
335 409 369 402 396 410 410 425 413 437 425 411 464 424 486 439 502 450 417 424 445 466 431 470 420 461 403 439 426 478 410 475 399 464 386 455 403 484 391 479 382 469 
334 410 369 402 396 411 411 426 415 438 424 412 463 425 486 439 501 451 416 425 444 466 430 469 419 459 403 441 425 479 409 475 398 463 385 456 402 484 390 479 381 469 
334 410 370 404 398 414 413 429 418 441 425 413 464 426 487 440 503 452 416 425 443 466 429 470 418 460 402 441 424 479 408 476 397 463 385 456 401 485 389 480 380 470 
333 411 368 405 395 414 410 429 415 440 424 414 463 427 485 441 501 453 416 426 442 468 427 471 416 461 402 441 423 480 406 477 396 465 385 457 401 486 388 481 379 470 
332 411 368 406 395 415 410 430 414 441 423 415 463 428 486 443 502 455 415 427 440 470 425 473 415 462 401 442 421 482 405 478 395 465 384 457 399 486 386 481 378 471 
331 413 366 407 393 416 407 431 411 443 423 417 462 429 485 444 501 456 415 429 439 472 424 475 414 465 401 445 420 484 404 480 394 467 383 460 398 488 385 484 377 473 
330 413 366 407 394 416 408 431 412 443 422 417 462 429 485 444 500 456 414 430 439 473 425 476 414 466 400 445 420 484 404 480 394 467 382 460 397 489 385 483 377 473 
330 414 366 408 394 418 408 433 413 444 422 418 462 430 485 445 500 457 414 430 438 473 423 477 413 466 400 445 419 485 403 481 393 468 382 460 397 489 384 484 376 474 
330 414 366 409 393 418 408 433 413 444 423 420 462 432 484 446 499 458 415 431 438 475 422 478 412 467 400 446 419 486 402 481 392 468 382 461 397 490 384 485 375 474 
328 415 365 410 394 419 410 434 416 446 421 419 461 432 483 446 499 458 413 431 438 474 424 478 413 467 399 447 418 485 402 482 392 470 382 462 396 490 383 485 375 475 
327 416 365 410 395 420 411 435 418 447 421 420 460 434 482 448 499 459 413 432 435 475 420 478 410 467 399 447 417 487 401 482 391 469 382 462 395 491 382 485 374 475 
327 417 365 411 394 421 410 436 416 448 421 420 460 433 483 448 500 460 413 433 437 475 422 479 412 469 399 448 417 487 401 482 392 470 382 463 395 491 382 486 375 475 
328 417 365 412 394 421 409 437 413 450 421 420 460 435 483 450 499 461 413 433 436 476 421 478 411 468 398 449 417 487 401 483 392 470 381 464 395 491 383 486 375 476 
328 418 365 412 394 422 409 438 413 451 421 421 460 436 483 451 499 462 413 434 436 476 421 478 410 468 399 450 417 487 401 483 391 471 381 465 395 492 382 487 374 477 
328 418 365 413 394 423 409 439 412 452 420 422 460 436 483 451 500 462 412 435 436 477 421 480 411 470 397 451 416 488 401 483 391 472 380 466 394 492 382 487 374 477 
328 418 365 413 394 423 409 438 414 451 421 422 460 437 484 451 500 462 412 436 436 477 422 480 411 470 398 451 416 488 401 484 391 472 381 466 394 493 382 488 374 478 
328 418 364 413 393 423 408 438 412 451 421 422 461 437 484 452 500 463 412 435 437 476 422 480 412 470 398 451 417 488 401 484 391 473 380 466 395 493 383 488 375 478 
328 419 364 413 393 423 408 439 411 452 421 422 461 437 484 452 500 464 412 436 436 477 422 480 411 470 398 451 417 488 401 484 391 473 380 467 395 493 383 489 375 479 
327 419 364 413 393 423 408 439 413 452 421 422 460 438 483 452 499 464 412 435 436 477 421 480 411 470 398 451 416 488 401 484 391 473 380 466 395 493 383 488 374 478 
327 419 365 413 394 424 409 440 413 453 421 423 460 438 483 452 499 464 412 436 435 477 421 480 411 469 398 452 416 488 401 484 391 472 380 467 395 493 383 488 375 478 
327 419 364 413 393 423 408 439 412 452 420 422 460 438 483 453 499 464 411 436 435 476 422 479 411 470 397 452 416 488 401 484 391 472 380 467 394 493 382 488 374 478 
327 418 364 413 393 423 407 439 411 452 420 422 460 438 483 452 499 464 411 435 436 476 422 480 411 470 397 451 416 488 401 484 391 472 380 466 394 493 382 488 374 478 
326 418 364 413 392 424 407 440 409 454 419 422 459 438 482 453 498 464 410 436 434 477 420 480 410 469 396 452 415 488 400 484 390 473 379 467 394 493 382 488 374 479 
327 419 364 414 393 424 407 440 410 453 419 423 460 438 483 453 499 465 410 437 434 478 420 481 409 470 396 453 415 489 400 485 390 473 379 468 393 494 381 489 373 479 
326 419 363 413 392 423 406 439 409 453 419 423 459 438 483 453 499 465 410 437 434 477 421 480 411 471 395 453 414 488 400 484 390 473 378 468 393 493 382 488 374 478 
326 419 363 413 392 423 406 439 409 453 419 423 459 438 483 453 499 465 410 437 433 478 419 481 409 470 395 453 414 489 399 485 389 473 378 469 393 495 381 489 373 479 
326 418 363 413 391 423 405 440 408 453 419 423 459 438 482 453 499 465 409 437 432 479 418 481 408 470 395 453 413 489 398 485 388 473 377 469 392 495 381 489 373 479 
325 419 362 413 391 423 405 440 407 453 418 423 459 438 483 453 499 465 409 437 433 478 419 481 409 471 394 453 413 489 398 485 389 473 377 468 392 494 380 489 372 479 
326 419 363 413 391 424 405 440 406 454 419 423 459 438 482 453 498 465 410 437 433 479 418 480 408 470 395 454 413 490 398 485 389 473 378 469 393 495 381 489 373 479 
326 419 363 413 391 423 405 440 407 454 418 423 459 438 483 453 499 465 409 437 433 478 419 481 409 471 395 454 413 489 398 485 388 473 377 469 392 494 380 489 373 479 
326 419 362 413 391 423 405 439 408 453 418 423 460 437 483 452 500 464 409 437 433 478 420 481 409 472 395 454 413 489 398 485 389 473 377 469 393 495 381 490 373 480 
326 419 362 413 391 424 405 440 407 454 419 423 459 438 483 452 499 464 409 437 433 479 419 481 408 471 394 453 413 489 398 485 388 473 377 468 392 494 380 489 373 479 
325 419 362 413 391 423 405 439 407 454 418 423 459 437 483 452 500 464 409 437 433 478 419 481 409 471 395 454 413 489 398 485 388 473 378 469 392 494 381 489 373 479 
326 419 363 413 391 423 405 439 407 452 418 423 459 437 483 452 499 464 409 437 433 478 419 481 409 470 395 454 414 489 399 485 389 473 378 469 393 494 381 489 373 479 
326 419 363 414 391 423 405 439 407 453 418 423 459 437 483 451 499 463 409 437 433 478 419 481 409 471 395 454 414 489 399 485 389 473 378 469 393 494 381 489 373 479 
326 420 363 414 391 424 405 440 407 454 418 424 459 437 483 452 499 463 410 439 433 479 419 481 409 471 396 456 413 490 398 485 389 473 378 471 393 495 381 489 373 479 
325 420 362 414 391 424 405 440 407 453 418 423 459 437 482 451 499 463 409 438 433 479 420 482 410 472 394 455 413 490 399 485 389 474 378 471 392 495 381 489 373 479 
326 421 362 415 391 424 404 441 406 454 417 424 460 436 484 451 500 463 409 439 433 480 419 483 409 473 395 455 413 490 398 485 389 474 378 471 392 495 380 489 373 479 
324 420 362 414 390 424 405 441 407 455 417 423 458 437 482 451 499 463 408 438 433 478 420 482 410 472 394 455 413 490 398 485 388 474 377 471 392 495 381 489 373 480 
324 421 362 415 390 424 405 440 407 454 417 424 458 437 482 451 499 463 408 439 432 479 419 482 408 472 394 455 412 490 398 485 388 474 378 471 392 494 380 489 373 479 
325 420 362 415 391 424 405 440 407 454 417 424 459 437 483 451 499 463 408 439 433 479 420 482 409 473 394 456 413 490 399 485 389 474 377 471 393 494 382 489 374 479 
325 420 361 415 390 424 404 440 406 454 418 424 459 437 482 452 498 464 409 439 432 479 418 482 408 471 395 455 413 490 397 485 388 473 378 470 392 495 381 489 373 479 
325 420 362 415 390 425 404 441 407 455 417 424 459 438 482 452 499 464 408 439 431 479 417 481 407 470 394 456 412 490 397 485 387 473 378 472 392 495 380 490 373 480 
324 421 361 415 390 424 404 440 406 454 417 424 458 438 482 453 498 464 408 439 431 479 417 480 407 470 395 456 412 490 397 485 387 473 378 471 392 495 380 489 373 480 
324 421 361 415 390 425 404 441 406 455 417 424 458 439 482 453 498 465 408 439 430 479 416 481 406 470 394 456 412 490 397 485 387 473 377 471 392 495 380 489 372 479 
324 422 361 416 390 425 404 442 406 456 417 424 458 439 481 453 497 465 409 439 430 480 415 481 406 470 395 456 411 490 396 485 387 473 378 472 391 495 379 489 372 480 
324 422 362 416 391 426 405 443 407 457 417 425 458 439 482 453 498 465 408 440 429 480 414 480 405 469 394 457 411 490 396 484 387 473 378 473 392 495 380 489 372 479 
324 422 361 417 390 427 404 443 407 457 417 425 459 438 484 452 501 464 408 440 429 480 414 481 405 470 394 457 410 490 395 485 386 473 377 473 391 496 379 489 371 479 
324 422 361 418 391 428 404 445 407 459 417 426 460 437 485 450 502 462 408 441 429 480 414 481 404 470 394 457 411 490 396 485 387 473 378 473 392 496 380 490 372 480 
322 423 361 418 390 428 405 444 407 459 416 426 459 436 485 449 503 459 408 441 428 480 413 481 403 470 394 458 410 491 395 485 386 473 378 474 392 495 380 489 372 480 
322 422 361 418 391 428 405 445 408 460 416 426 460 435 485 448 504 458 408 441 428 481 413 482 404 471 394 458 410 491 395 485 386 473 378 474 392 495 380 489 372 480 
322 422 361 418 391 429 405 446 408 461 416 427 460 436 485 448 504 458 408 441 428 481 413 482 403 471 394 458 410 491 395 485 386 473 378 473 391 495 379 488 372 479 
322 423 361 419 391 430 406 447 408 462 416 427 460 436 486 448 505 458 407 442 427 481 412 481 402 470 393 459 409 491 395 485 386 473 377 474 391 496 379 489 371 479 
321 422 360 419 391 430 405 448 407 463 416 427 460 434 486 446 505 456 408 442 427 481 412 481 402 469 394 459 409 491 395 484 386 472 378 474 392 495 380 488 372 479 
321 423 360 419 390 430 405 449 408 464 415 427 460 434 486 446 505 456 407 441 425 481 410 482 401 470 394 458 408 491 394 485 385 473 378 474 390 495 378 489 371 479 
320 423 360 419 390 430 405 448 408 463 415 427 460 434 486 445 505 455 407 442 425 481 410 482 401 470 394 459 408 491 394 485 385 473 378 474 391 495 379 489 371 479 
320 422 359 419 390 431 404 450 408 465 415 426 460 434 486 445 505 456 407 441 425 481 409 480 400 468 393 459 408 491 394 484 385 472 377 474 391 495 379 488 371 478 
320 422 360 418 391 430 405 449 408 465 415 426 460 434 486 445 505 456 407 441 425 482 410 481 400 470 393 459 408 491 394 484 385 472 378 474 391 495 379 488 371 479 
320 423 359 419 390 431 405 450 408 465 416 427 460 434 486 446 505 456 407 442 425 481 409 480 400 469 394 460 408 491 393 484 384 472 378 476 391 495 379 488 371 479 
320 423 360 420 391 431 405 451 408 466 416 427 460 434 486 445 505 455 407 442 425 481 410 480 400 468 393 459 408 491 393 484 384 472 377 475 391 495 379 489 371 479 
320 423 359 420 390 432 404 452 407 468 415 427 460 434 486 445 505 455 407 442 425 482 409 481 400 469 393 460 407 491 393 484 384 472 377 475 390 496 378 489 370 479 
320 423 359 420 390 433 404 453 407 469 415 428 460 435 486 446 505 456 407 443 424 483 408 482 399 470 393 460 406 492 392 484 383 473 377 476 389 496 377 488 369 479 
319 424 358 420 389 432 403 450 406 466 415 428 460 435 486 446 504 456 406 444 424 483 409 482 400 470 393 461 406 492 392 485 383 473 376 477 389 497 378 490 370 481 
319 424 358 420 389 432 403 450 407 465 415 429 460 436 486 448 505 458 406 444 423 483 407 482 398 470 392 462 405 492 391 485 382 473 376 477 388 497 376 490 368 480 
319 424 358 420 388 433 402 452 404 467 415 430 460 438 486 449 505 460 406 446 422 485 407 483 398 471 392 463 405 493 391 486 382 474 376 479 388 498 376 491 369 481 
319 425 358 422 388 435 402 453 404 469 415 431 459 439 485 450 503 461 406 446 422 486 406 484 397 472 392 463 404 494 390 487 381 475 375 478 387 498 376 491 368 482 
319 424 357 422 388 437 402 457 405 473 414 432 459 440 485 452 503 462 405 446 421 487 406 485 397 473 391 463 403 495 389 488 381 475 374 479 386 498 374 491 367 481 
318 426 357 424 387 437 401 457 404 473 414 433 458 441 484 453 502 464 405 447 420 487 404 486 396 473 391 465 402 495 388 488 380 476 374 480 385 499 373 492 366 483 
318 425 357 425 387 441 401 463 404 480 413 433 458 442 483 454 502 465 404 448 419 488 404 486 395 473 390 465 402 496 388 488 379 476 373 480 385 499 373 491 366 482 
318 426 357 426 387 441 401 463 404 480 413 434 458 443 483 456 501 467 404 449 419 488 404 486 395 473 390 466 401 496 388 488 380 476 373 482 385 500 373 492 366 482 
318 427 357 427 387 443 401 465 404 483 414 434 458 447 481 461 497 473 404 449 417 490 402 486 395 473 389 467 400 498 387 489 380 477 373 482 383 501 372 492 365 483 
317 426 356 427 386 443 400 464 401 481 413 435 456 447 480 462 496 475 403 449 417 490 401 486 393 472 389 466 400 498 386 489 379 477 373 482 384 501 372 493 365 484 
317 427 356 427 386 443 399 465 401 482 412 435 455 448 479 463 495 477 403 450 416 490 401 486 393 472 388 468 399 498 385 489 378 477 371 483 382 502 370 493 364 484 
317 427 356 428 386 446 399 469 402 486 413 436 455 450 478 466 494 479 403 450 416 490 401 486 393 472 388 467 399 499 385 490 378 477 371 482 383 502 371 493 364 484 
317 428 355 428 386 444 399 466 401 483 413 436 455 451 478 467 493 480 403 451 416 490 401 486 394 472 389 468 399 499 385 490 378 478 372 483 383 502 371 494 364 485 
318 429 356 427 386 443 399 466 401 483 413 436 454 452 476 468 491 481 403 452 417 491 402 486 395 473 388 469 399 499 386 491 379 479 371 484 383 503 371 494 365 485 
318 429 356 428 387 443 400 465 402 481 413 436 454 453 476 468 491 482 403 451 417 491 401 487 394 473 388 469 399 500 385 491 379 479 372 484 383 503 371 495 364 486 
318 429 356 430 386 445 400 468 403 484 412 436 454 453 476 469 491 482 403 451 417 491 401 486 393 473 388 468 398 500 385 491 378 479 371 484 383 503 371 495 364 485 
318 430 356 429 386 445 400 467 402 484 412 436 453 453 476 468 491 481 403 451 417 490 401 486 394 473 388 468 399 499 385 491 379 479 372 484 383 503 371 495 364 486 
319 430 357 428 387 443 400 464 401 480 413 436 454 452 476 467 492 480 403 451 417 489 402 485 394 472 387 468 399 498 385 490 379 478 371 483 382 502 371 493 364 485 
319 430 357 427 387 441 401 462 403 479 412 435 454 451 476 467 492 480 402 452 417 489 402 484 395 471 388 469 399 498 386 489 379 478 371 484 383 501 371 493 365 485 
320 430 357 428 388 442 402 464 404 481 413 435 454 451 477 466 493 478 403 450 417 489 402 484 395 471 387 467 399 498 385 489 379 478 371 482 382 501 370 492 364 484 
320 430 357 427 387 442 401 464 402 481 412 435 454 450 477 465 494 478 402 450 417 489 402 484 395 470 386 467 399 497 386 488 380 477 369 482 382 500 371 491 365 482 
321 430 357 427 387 442 400 464 401 481 413 435 455 450 478 464 495 477 402 450 417 489 402 484 395 471 387 467 400 497 387 488 380 477 371 482 383 500 372 491 366 482 
320 430 357 427 387 442 400 464 401 480 413 435 455 450 478 465 495 477 402 451 417 489 402 485 395 472 387 468 399 497 386 489 380 477 371 482 383 499 371 491 365 482 
320 429 357 428 387 446 400 471 403 490 412 435 454 450 478 465 494 477 402 451 416 489 402 484 394 470 387 468 399 498 386 488 380 477 371 482 382 499 371 490 365 481 
320 429 356 431 387 452 401 479 406 499 412 434 454 451 477 466 494 477 402 450 416 489 401 483 394 470 387 468 398 498 385 488 379 476 371 483 381 498 371 489 364 481 
319 430 356 432 386 452 401 479 407 501 413 435 455 452 477 467 493 478 403 451 416 489 401 483 394 470 388 468 399 498 386 488 380 476 373 483 383 498 372 489 365 481 
319 431 356 432 386 453 400 481 406 503 412 435 455 454 478 468 493 480 402 452 417 491 402 485 395 471 387 470 400 499 387 489 380 478 372 485 383 499 373 490 366 482 
318 431 355 433 385 455 399 483 405 506 412 435 454 455 476 471 490 483 402 452 417 490 401 484 393 470 388 470 400 499 387 489 380 477 373 485 383 498 372 489 365 481 
318 431 355 433 386 455 400 484 405 507 413 435 455 456 476 471 490 484 402 453 417 490 402 483 394 469 387 471 401 500 388 489 381 476 372 486 383 498 373 489 366 480 
317 430 354 433 385 455 399 484 405 507 412 435 454 455 475 471 489 484 402 452 417 490 402 483 393 469 387 470 400 499 387 488 380 476 372 485 383 498 372 489 365 480 
316 430 353 433 384 456 397 484 405 508 411 435 453 455 474 471 488 484 401 452 417 489 402 483 393 469 387 470 402 499 388 489 380 476 373 485 384 498 374 489 366 481 
316 431 354 433 384 455 398 484 404 508 411 434 453 455 474 471 488 484 401 452 417 489 402 482 393 469 387 471 402 499 389 489 381 477 373 486 385 499 375 490 368 482 
317 430 354 434 384 456 398 485 403 508 412 434 453 454 474 470 488 484 402 451 418 489 402 483 393 469 388 469 403 500 389 490 381 477 374 484 385 500 374 491 367 481 
317 429 354 433 385 456 398 486 404 510 411 433 453 454 474 470 488 483 401 450 418 488 402 482 392 468 386 468 401 499 387 489 379 476 372 483 383 498 372 489 364 479 
317 429 355 433 384 456 398 485 404 509 411 433 453 453 473 470 487 483 401 449 419 487 402 481 393 467 387 467 404 499 390 489 381 476 373 483 387 499 376 490 368 480 
317 430 355 432 385 454 398 484 404 508 411 432 452 453 473 469 487 482 401 449 418 487 402 480 393 466 387 468 402 498 389 488 381 475 373 483 385 498 375 489 367 479 
317 428 355 430 385 453 397 484 402 508 411 431 451 453 471 469 486 482 401 449 417 486 401 479 393 465 387 467 401 497 387 487 380 474 372 483 383 497 373 487 366 478 
317 428 355 430 384 452 396 482 401 506 411 431 452 452 472 469 486 482 401 448 416 485 401 478 393 464 386 467 401 496 388 486 381 474 372 482 385 497 375 488 368 479 
317 427 355 430 384 453 396 483 401 507 411 431 452 452 472 469 486 482 401 447 416 485 400 478 392 463 387 465 400 496 387 485 380 473 372 481 383 496 372 486 366 477 
317 428 355 429 384 451 396 481 400 504 411 431 452 452 472 468 486 481 401 448 416 484 400 478 392 464 387 466 400 495 387 485 380 473 373 482 384 496 373 487 366 478 
318 427 356 428 385 450 397 480 400 502 412 431 453 452 473 468 487 481 401 448 417 484 401 477 394 463 387 467 401 495 388 485 381 473 373 482 385 497 374 487 368 479 
318 427 356 429 385 451 397 480 400 501 412 430 453 451 473 468 487 481 402 447 417 483 401 476 393 462 387 465 400 494 387 484 381 472 372 481 383 495 373 486 366 477 
317 428 355 428 385 449 398 478 400 500 412 431 452 452 472 468 486 481 402 449 416 484 401 477 393 464 388 468 400 494 387 485 380 473 373 483 383 497 373 488 367 479 
318 428 355 429 384 450 397 478 400 500 412 430 453 451 473 468 486 481 402 448 416 483 401 477 394 464 388 466 400 494 387 485 381 473 374 482 383 496 373 487 367 479 
319 429 356 428 385 450 398 479 401 500 412 431 453 452 473 469 486 482 402 449 417 485 401 478 394 465 388 468 399 495 387 485 380 473 373 483 382 496 372 487 366 479 
318 429 356 429 385 451 398 479 401 500 411 430 453 452 473 469 485 482 401 448 417 483 402 476 394 463 387 467 399 494 387 484 380 472 372 483 383 496 372 486 366 478 
319 429 356 428 385 450 398 479 402 500 411 430 453 452 473 469 485 482 401 448 416 483 401 477 393 464 387 466 399 493 386 484 380 472 372 482 381 495 370 486 364 478 
318 428 354 428 384 449 398 477 402 497 411 429 453 451 472 468 484 481 401 447 416 482 400 476 393 463 387 465 398 492 385 483 379 471 373 481 381 495 370 486 364 478 
318 428 354 427 385 448 398 476 402 497 411 429 453 451 472 468 484 481 401 447 416 482 401 476 394 463 387 466 398 492 386 482 380 471 372 482 382 494 371 485 365 477 
318 428 354 427 385 448 398 476 401 496 412 428 453 450 472 468 483 481 402 446 415 481 400 476 394 463 388 464 398 492 385 482 380 471 373 481 381 494 370 485 365 477 
318 427 354 428 385 448 398 475 402 495 412 429 454 450 473 467 483 481 402 446 415 481 400 475 394 463 388 464 398 492 385 482 380 471 374 480 381 494 369 485 364 476 
317 427 353 426 384 447 397 475 400 495 411 428 453 449 472 467 483 480 401 445 416 480 401 474 394 462 387 464 399 491 386 482 380 470 373 481 382 494 371 486 365 478 
316 427 354 426 384 446 398 473 401 493 411 428 453 449 472 466 483 480 401 445 415 480 400 474 393 462 388 464 398 490 385 481 380 470 373 480 382 494 370 485 365 477 
317 426 354 425 384 445 398 473 401 493 411 427 453 448 472 465 483 479 401 445 416 479 400 473 394 461 387 464 398 490 385 480 380 470 373 480 382 494 371 485 365 477 
316 426 354 426 384 446 398 473 401 493 411 427 453 448 472 465 483 479 402 444 416 478 401 473 394 460 388 463 399 489 386 480 380 469 373 480 383 493 372 485 366 477 
317 426 354 425 385 445 398 473 401 493 412 427 454 448 472 465 483 479 402 445 416 480 401 473 394 461 388 464 397 490 385 480 379 469 373 480 380 493 369 483 364 476 
317 425 354 426 385 446 398 474 401 494 411 427 454 448 473 465 485 478 401 444 416 479 400 472 394 460 388 462 399 489 386 480 380 469 373 479 383 492 371 484 365 476 
318 426 355 425 385 445 399 473 402 493 412 427 454 448 474 464 486 477 402 444 416 479 400 473 394 460 388 463 398 489 385 480 379 468 373 479 382 492 371 483 365 476 
317 425 355 425 385 446 398 474 401 494 411 427 454 447 474 464 487 476 401 444 416 479 400 472 394 459 387 463 398 489 385 479 380 468 372 479 382 491 371 483 365 475 
318 425 356 424 385 444 399 472 402 493 411 427 454 447 476 463 490 475 401 445 415 479 400 473 394 460 387 464 398 489 386 480 380 469 373 480 383 492 372 483 365 476 
318 424 355 424 385 444 398 472 402 492 412 426 455 446 477 462 491 475 402 444 416 478 401 472 394 459 388 462 400 489 387 479 381 468 373 479 384 492 373 483 366 475 
318 424 356 425 385 445 399 473 402 493 412 426 456 446 478 461 493 473 402 443 415 478 400 472 393 459 388 462 399 490 386 480 380 468 373 478 383 492 372 483 366 475 
318 424 356 424 386 445 399 473 402 493 412 426 455 446 478 461 493 473 402 443 415 478 400 471 394 458 388 462 399 490 386 480 380 468 373 478 383 492 372 483 365 475 
318 424 356 425 385 446 398 473 402 494 412 428 456 447 478 461 494 473 402 445 414 480 399 473 394 461 389 463 398 491 385 481 379 470 374 480 383 494 371 485 365 477 
318 424 355 426 385 447 398 474 402 494 411 428 455 447 478 462 495 473 401 445 414 479 399 472 393 459 388 464 398 491 385 481 379 469 373 480 383 493 372 484 365 476 
317 425 355 426 384 446 397 474 401 495 412 430 455 448 478 462 495 473 402 447 414 481 399 474 392 461 388 466 398 493 385 483 379 471 372 482 383 496 372 487 365 479 
316 425 355 427 384 448 396 476 400 497 411 431 454 450 478 464 495 474 401 448 413 482 398 474 392 461 387 467 397 494 384 483 378 471 372 483 381 495 371 486 364 478 
316 426 355 427 383 449 396 477 399 498 411 431 454 450 478 464 495 474 401 449 414 483 399 476 392 462 387 468 398 494 386 484 379 472 372 483 383 496 373 487 366 478 
315 426 354 428 383 449 395 478 398 500 410 432 453 450 477 464 495 475 400 450 413 484 398 476 391 463 386 469 397 496 385 485 379 473 370 484 382 497 372 488 365 479 
315 426 354 428 383 450 394 478 396 500 410 433 453 451 478 465 496 476 400 451 413 485 398 478 391 464 386 469 397 497 385 486 379 474 370 485 382 498 372 489 366 479 
314 427 353 429 382 450 394 478 397 501 410 435 453 453 477 466 496 477 400 452 412 486 397 478 390 464 386 470 396 497 384 486 378 474 370 485 380 498 370 488 364 479 
313 428 352 431 381 452 392 480 395 503 410 437 452 455 477 468 495 479 400 454 412 487 397 479 390 465 386 473 397 499 385 488 378 476 370 488 382 501 373 492 366 484 
313 428 352 431 380 453 391 481 393 503 409 438 452 456 477 469 496 480 399 455 410 490 395 482 388 468 385 473 395 501 383 490 376 477 369 488 380 501 370 492 363 482 
311 428 351 432 379 453 391 482 392 505 408 439 451 457 476 470 495 481 398 457 409 490 394 482 388 468 384 475 394 501 382 490 376 477 369 490 379 503 370 493 363 484 
310 429 350 434 378 457 389 486 392 509 407 441 450 459 475 471 494 482 397 458 408 493 392 485 386 470 383 475 393 503 381 492 374 479 367 490 378 504 368 494 362 484 
310 430 349 434 377 457 388 486 389 509 407 443 451 460 476 472 495 483 397 459 408 494 393 486 386 472 383 477 394 504 382 493 375 480 367 492 380 506 371 496 364 487 
310 430 349 436 377 459 387 487 389 511 406 443 450 461 475 473 495 484 396 460 408 495 392 488 385 474 382 477 393 505 381 494 374 481 366 492 379 506 369 496 363 487 
309 431 349 436 377 459 387 487 389 510 406 444 450 462 475 474 494 485 396 461 406 496 391 489 384 475 381 479 391 506 380 495 373 482 365 493 376 506 367 497 361 488 
309 431 349 438 376 461 386 490 388 512 406 446 449 462 474 474 493 485 396 461 407 498 391 491 383 476 381 478 392 507 379 496 372 483 365 493 376 507 366 497 360 487 
308 432 348 438 376 460 386 489 388 511 405 446 449 463 474 475 493 486 395 462 406 498 391 491 384 477 381 480 392 508 380 498 373 484 365 495 378 510 368 500 362 491 
308 433 348 438 376 461 386 490 389 512 405 446 449 464 474 476 493 487 395 462 407 499 391 491 383 476 380 480 391 508 379 497 372 484 365 494 376 508 366 498 359 489 
308 433 347 439 375 462 386 490 388 513 405 447 449 465 474 478 492 488 395 464 406 499 390 491 383 476 380 481 390 508 378 497 372 484 364 495 375 508 366 498 359 489 
307 435 347 440 375 463 386 491 387 514 405 448 448 466 473 479 492 489 394 465 406 502 390 494 383 479 379 483 390 511 378 500 371 487 363 497 373 511 364 501 358 491 
306 436 346 440 375 463 386 491 388 514 404 448 447 466 472 478 491 488 393 465 406 501 391 493 383 479 379 483 391 510 379 499 371 486 363 498 376 511 367 501 360 492 
306 438 347 440 376 462 387 490 389 513 403 449 447 466 473 479 492 490 392 468 405 502 390 494 382 480 377 486 390 511 379 500 371 488 362 501 374 512 366 502 359 493 
305 439 346 442 375 464 387 492 390 516 403 451 447 468 472 480 491 491 392 469 406 504 390 496 382 481 377 487 390 513 378 502 370 489 361 502 373 513 364 503 357 494 
305 441 346 442 375 464 386 492 388 514 402 453 446 470 471 482 490 493 392 472 405 505 390 497 382 483 377 490 388 515 377 503 369 490 360 504 371 515 363 505 356 495 
305 443 346 443 375 463 386 492 387 514 401 454 446 472 472 484 490 495 391 474 404 507 390 498 382 484 376 493 388 516 377 505 370 493 359 507 372 517 363 507 357 498 
304 444 345 444 375 466 386 495 388 518 401 455 445 474 470 486 488 497 389 475 403 508 390 500 381 486 374 494 387 518 377 506 369 493 358 508 371 517 363 507 357 498 
304 445 346 446 375 468 386 497 388 520 400 458 444 475 469 488 487 499 389 477 402 511 389 503 380 488 372 496 385 520 374 508 367 495 356 510 367 519 359 508 353 499 
303 448 345 450 373 472 384 501 386 525 399 461 443 479 468 491 487 502 387 480 402 516 388 507 379 493 371 499 384 525 373 512 366 499 354 513 365 523 357 512 351 503 
301 450 343 451 372 474 384 504 387 528 397 462 442 480 467 493 486 504 385 482 400 517 387 509 378 495 369 500 382 526 372 514 364 500 352 514 363 524 355 513 349 504 
301 452 343 452 372 476 383 506 385 530 397 464 443 482 468 495 487 506 385 484 399 521 385 513 377 498 368 503 380 529 371 517 364 503 351 517 361 527 354 516 348 506 
299 453 340 456 369 480 380 511 382 536 395 466 440 484 466 498 485 509 383 485 398 524 383 517 375 502 367 503 380 533 369 521 362 507 350 517 361 531 353 520 347 510 
297 453 337 460 365 486 376 516 379 542 395 468 439 486 465 500 485 511 383 484 395 526 378 519 370 504 367 501 378 535 365 523 358 509 350 516 359 533 349 523 343 512 
295 454 334 463 363 489 374 520 377 546 393 471 437 489 463 504 483 516 382 486 393 528 376 521 369 505 366 503 376 538 362 526 356 511 349 518 358 536 348 526 342 515 
294 455 331 468 359 494 370 525 374 551 393 474 435 493 461 507 482 519 381 486 389 533 372 526 365 511 365 502 370 542 356 529 351 514 347 516 352 540 341 529 336 517 
294 457 330 470 357 498 367 530 371 556 392 478 434 497 460 512 481 523 380 489 385 536 368 528 363 513 364 504 366 544 352 531 348 516 346 518 349 542 337 531 332 519 
292 458 328 473 356 501 366 534 369 560 390 481 431 501 457 516 479 527 378 491 383 540 365 532 360 516 361 505 361 547 347 534 344 519 343 519 343 546 331 534 327 521 
292 460 328 476 355 505 364 538 367 564 389 484 430 504 456 519 478 531 376 492 380 542 362 534 358 517 359 506 358 550 344 535 342 519 341 520 340 547 328 535 324 521 
292 461 324 480 351 509 360 541 364 566 388 488 429 507 455 522 477 534 376 494 379 545 360 537 356 520 359 506 358 552 343 538 340 521 341 519 340 550 328 538 324 524 
292 462 325 482 351 512 360 544 363 569 388 490 429 510 454 526 476 538 376 496 378 548 359 540 355 523 358 508 356 555 342 540 340 523 340 520 338 551 326 539 323 524 
291 462 324 482 350 513 358 546 362 571 387 491 427 511 453 528 474 540 375 497 377 549 358 541 354 524 358 508 355 556 340 541 339 524 339 520 336 552 324 539 321 524 
291 460 323 482 349 513 357 546 361 572 387 491 427 513 452 529 473 541 376 496 376 550 357 542 353 524 359 507 354 556 340 541 339 523 341 519 336 551 323 538 321 523 
290 459 323 482 349 512 357 545 360 569 388 490 427 511 453 528 474 540 377 495 377 548 358 540 354 522 360 506 356 554 341 540 340 522 342 517 338 550 325 538 322 523 
290 457 323 483 348 512 358 543 363 565 390 489 429 510 454 525 475 537 380 493 379 548 359 539 355 521 363 502 358 552 343 538 342 520 345 512 339 548 326 535 324 520 
291 455 323 482 348 510 359 539 365 561 391 487 430 507 456 521 477 533 382 489 381 545 361 537 357 519 366 497 360 549 345 535 344 517 348 507 340 544 328 532 326 516 
292 452 324 481 350 508 361 536 368 557 393 484 432 502 457 516 479 527 384 485 383 541 363 533 359 515 368 492 362 544 347 530 347 512 350 502 343 540 330 527 329 511 
294 448 327 477 352 504 364 531 370 552 395 479 434 497 460 511 481 522 387 480 385 536 365 529 361 511 371 488 365 539 350 526 350 508 353 497 346 535 333 523 332 507 
297 444 328 474 354 500 367 527 375 547 398 475 436 492 462 506 484 516 390 475 388 532 368 524 364 506 375 483 367 534 353 521 353 503 357 492 348 530 336 518 336 502 
300 440 331 471 357 496 370 522 377 541 400 471 439 487 464 500 486 511 393 470 391 527 370 520 366 502 378 478 371 530 356 517 356 499 360 487 352 526 340 515 339 499 
302 437 334 466 360 491 372 517 379 537 402 465 440 482 466 495 487 506 395 466 392 520 373 513 369 496 380 474 371 524 357 510 358 493 363 483 353 520 341 508 340 492 
305 433 336 462 362 487 374 513 382 533 404 461 442 477 468 490 489 501 396 461 395 517 375 509 371 491 382 469 375 521 360 507 361 489 365 479 357 517 344 505 343 489 
308 429 339 459 365 483 377 508 384 528 406 457 444 473 470 486 491 496 399 457 397 512 377 505 373 487 384 465 377 516 363 502 363 485 368 475 359 512 347 500 346 485 
313 422 346 452 371 476 382 501 387 518 410 450 448 467 473 479 494 488 402 451 402 504 383 498 379 480 387 458 383 508 369 496 368 479 371 468 365 504 354 494 351 479 
315 419 346 448 371 471 383 495 390 515 412 446 450 462 475 474 496 484 405 446 403 500 383 493 380 476 391 454 384 504 370 491 370 473 374 463 366 500 354 489 353 474 
318 416 348 446 373 469 385 492 391 511 414 443 452 458 476 469 497 479 407 442 405 496 385 489 382 472 393 449 386 499 372 486 372 469 378 459 369 495 357 485 356 470 
320 413 350 443 375 465 387 488 393 507 416 439 453 454 478 465 498 474 409 438 408 491 388 485 384 468 396 445 389 495 374 483 375 466 380 455 372 492 360 482 358 467 
322 410 353 439 378 462 390 485 395 503 418 435 455 450 479 461 500 470 410 435 409 486 390 479 386 462 397 442 390 490 376 478 376 461 381 452 374 488 361 478 359 463 
324 408 355 436 379 458 391 481 397 500 419 432 456 446 480 457 501 466 412 432 412 483 392 477 388 459 398 439 394 487 379 476 378 459 383 449 377 485 365 475 362 460 
325 406 356 434 380 456 393 478 399 497 420 429 456 443 481 454 501 463 413 429 413 480 393 474 389 457 400 436 394 485 380 472 379 456 385 446 377 482 365 472 364 457 
328 404 357 433 382 455 394 477 400 494 422 427 458 441 482 451 502 460 414 426 414 478 395 472 391 455 401 433 396 482 382 470 381 454 386 443 380 479 367 469 366 454 
329 401 359 430 383 452 395 474 402 492 422 424 458 438 483 448 503 457 415 423 415 475 396 469 392 452 402 431 398 479 383 467 383 451 387 440 382 476 370 467 367 452 
330 399 359 428 383 449 396 471 403 490 423 422 459 435 484 445 504 454 416 421 417 472 397 466 393 449 403 428 400 476 385 465 384 448 389 438 384 474 371 464 369 449 
332 395 362 424 386 445 398 466 404 483 424 416 460 429 485 439 505 447 417 416 419 465 400 461 395 445 405 423 403 469 388 460 386 444 391 432 387 467 375 459 371 446 
334 392 362 420 386 441 399 462 406 481 425 413 461 426 485 436 505 444 419 412 419 462 400 457 396 440 407 419 403 467 388 456 387 440 393 429 387 465 374 456 372 441 
335 391 363 420 387 440 400 460 408 478 427 411 462 422 486 432 506 440 421 409 421 460 401 455 397 439 409 415 404 464 389 454 388 437 395 425 389 462 376 453 373 439 
336 389 364 416 388 437 401 458 409 475 427 408 462 420 486 430 506 437 420 407 422 456 403 451 398 435 408 413 406 461 391 451 390 435 394 423 391 459 378 451 375 437 
338 387 366 414 390 434 403 455 410 472 428 405 463 417 487 427 506 434 421 404 422 453 403 449 399 433 409 411 406 458 392 448 390 432 395 421 391 456 379 448 376 434 
339 385 367 411 391 431 404 452 411 468 428 402 463 414 486 424 506 431 422 401 423 450 405 446 400 430 409 408 407 455 392 446 391 430 396 418 392 454 379 446 376 432 
339 383 367 409 392 428 405 448 411 464 428 399 463 410 487 419 506 426 421 398 424 446 406 442 401 427 409 406 408 451 393 442 391 426 396 416 393 450 380 442 377 429 
340 380 369 404 393 424 406 445 413 463 428 395 464 407 488 415 507 422 421 396 425 443 407 439 402 423 410 405 409 449 395 439 393 424 397 416 394 449 382 440 379 426 
340 378 370 400 395 421 407 443 413 460 429 393 465 404 488 412 507 419 421 394 426 441 407 437 402 422 409 403 410 447 396 438 394 423 395 414 396 447 384 439 380 426 
341 375 371 395 396 415 408 438 413 456 429 389 465 400 488 409 507 416 421 393 426 437 409 433 403 418 409 403 410 444 396 435 393 420 396 415 396 444 384 437 380 424 
341 373 371 391 397 412 407 437 413 455 429 387 465 398 489 408 507 416 421 392 426 437 408 432 403 416 409 403 410 444 396 434 393 419 396 416 397 445 384 437 380 424 
341 373 371 389 397 411 408 435 414 454 429 385 465 397 489 407 507 414 421 391 426 435 408 430 404 415 409 403 409 443 396 433 393 418 397 416 395 444 383 435 379 423 
341 372 373 385 399 408 409 433 414 452 429 385 466 396 489 406 507 414 420 392 426 434 410 429 405 414 408 405 410 442 396 432 393 418 395 419 396 443 384 434 379 424 
341 372 373 385 399 407 409 433 414 452 429 384 466 395 489 406 508 414 420 392 426 434 410 428 404 414 408 406 410 442 397 432 393 418 395 419 396 443 384 434 379 423 
340 373 372 387 399 408 410 434 415 453 428 384 465 396 489 406 508 414 420 391 426 434 410 429 405 414 408 405 410 443 396 432 393 418 395 418 396 443 383 434 379 424 
342 373 373 385 399 408 410 434 415 454 429 384 466 397 490 407 508 415 421 393 427 435 410 429 405 415 409 406 411 443 397 433 394 419 396 421 397 445 385 436 380 425 
342 375 374 387 399 409 410 435 415 454 429 385 467 398 490 408 508 416 421 394 427 436 410 430 406 416 408 407 411 444 397 434 394 421 395 421 397 445 385 437 380 426 
342 376 373 387 399 409 410 435 415 455 428 386 465 399 489 410 507 418 420 395 427 436 410 431 405 417 408 409 411 445 398 436 394 422 395 423 397 446 385 438 380 427 
342 377 374 388 399 410 410 437 415 457 428 388 466 401 489 412 508 420 419 397 426 438 410 433 405 419 407 411 409 447 396 437 394 424 393 425 395 447 383 438 379 428 
342 378 373 390 399 412 409 438 414 458 429 389 466 402 489 413 508 421 420 397 426 440 409 434 405 420 407 411 409 448 396 438 393 424 394 425 395 449 383 440 378 429 
342 379 373 390 399 413 410 439 414 459 428 390 465 403 489 414 507 422 419 399 426 440 410 435 405 420 407 413 409 449 396 439 392 426 393 427 395 450 383 441 378 431 
342 380 374 390 400 413 410 439 414 459 428 390 466 403 489 414 508 423 419 400 426 441 410 435 405 421 406 414 410 451 396 440 393 426 393 428 394 451 382 441 378 431 
343 382 375 388 401 410 411 437 414 458 428 391 467 406 491 417 508 426 418 405 425 441 410 435 405 422 405 421 408 450 397 440 394 428 391 434 394 450 384 441 379 432 
342 384 376 386 402 408 412 435 415 456 427 392 467 407 490 419 507 428 417 408 428 442 413 435 407 422 404 425 412 452 401 441 395 429 390 440 397 452 388 443 382 435 
341 385 375 387 401 408 411 435 415 456 427 393 467 408 490 420 508 430 417 410 427 444 413 437 407 424 404 428 412 452 400 442 395 430 390 442 396 453 387 444 381 435 
340 388 376 387 402 407 412 434 415 455 426 395 467 411 491 422 508 432 415 413 428 444 415 437 408 424 402 431 412 453 403 443 396 431 388 445 398 454 390 445 384 436 
338 388 375 387 402 408 412 435 416 456 425 396 466 412 489 423 507 432 415 414 429 444 416 437 409 424 401 432 413 453 403 443 396 432 387 446 398 454 390 445 384 437 
338 391 375 388 402 408 413 435 417 457 424 397 467 413 490 424 507 433 414 416 429 445 417 438 408 426 401 434 414 454 404 444 397 433 387 448 398 455 391 446 385 438 
338 393 375 389 402 408 414 435 417 456 425 398 467 414 491 425 508 435 414 418 430 447 418 439 409 427 399 436 413 456 404 445 396 434 385 450 396 457 389 447 383 439 
338 394 375 390 403 408 415 435 418 456 425 400 468 416 492 427 508 437 414 420 430 449 418 442 410 429 400 439 413 458 404 447 396 436 385 453 397 459 389 449 383 442 
337 395 375 391 403 409 414 436 417 456 425 401 467 417 491 429 507 439 414 421 431 450 419 443 410 431 399 440 414 459 404 449 396 438 384 453 397 460 390 451 384 443 
336 396 374 392 403 410 414 436 417 456 424 403 466 418 490 430 507 439 413 422 431 451 419 444 410 432 399 440 414 461 404 450 396 439 384 454 397 463 390 453 384 446 
337 397 374 390 402 404 413 426 414 443 424 404 468 419 491 430 508 441 413 423 432 453 419 447 410 435 399 441 414 462 404 452 395 441 383 455 397 463 389 455 383 448 
337 397 373 389 402 401 415 419 417 434 425 404 467 420 491 432 508 443 414 423 433 454 420 449 410 438 398 441 415 462 404 454 395 444 382 455 397 466 388 458 381 451 
337 399 374 392 403 403 417 421 419 435 425 405 468 421 491 434 507 444 414 424 434 455 421 450 411 439 398 442 415 464 404 456 394 446 382 457 397 469 389 461 381 454 
337 401 374 393 403 404 417 421 419 436 425 406 468 422 491 434 507 445 414 425 435 456 421 451 411 439 399 443 416 465 404 457 395 447 383 458 399 471 390 464 382 457 
337 402 375 394 403 405 417 423 420 438 424 407 468 422 492 435 508 445 413 426 436 457 423 453 413 442 398 444 417 467 405 459 396 449 382 459 399 473 391 466 383 459 
336 402 374 395 402 405 415 422 417 436 424 409 466 423 490 436 507 446 413 427 435 459 422 455 412 444 398 444 417 469 404 462 395 451 382 459 399 475 390 468 382 461 
336 403 373 397 400 406 413 422 415 435 424 409 466 423 490 436 508 446 415 426 438 461 425 460 415 450 400 443 418 471 405 465 396 454 384 459 399 477 389 472 382 463 
336 404 373 398 401 409 414 426 415 440 424 410 466 423 490 436 508 446 414 427 440 462 428 463 417 453 400 444 419 472 407 467 397 456 383 459 399 478 390 473 383 464 
336 405 374 400 401 410 414 427 417 441 424 411 466 424 490 437 508 447 414 428 441 463 429 465 418 456 399 445 420 474 407 470 397 459 383 460 399 480 390 475 383 466 
336 405 375 400 402 411 415 427 418 442 424 411 465 425 490 438 507 448 414 427 441 463 429 466 418 457 399 444 422 474 410 471 399 461 383 460 401 481 393 477 385 468 
336 406 375 400 402 410 415 426 419 441 424 411 466 425 490 438 508 449 413 427 442 464 431 467 420 459 399 444 424 476 412 473 401 463 382 460 402 482 395 478 387 469 
336 406 376 401 403 411 416 427 422 441 425 412 465 426 490 438 508 449 413 428 443 463 433 468 422 462 398 445 424 476 413 474 403 464 382 461 402 483 395 479 388 470 
336 407 377 401 404 411 418 426 427 440 426 413 465 425 490 438 507 449 414 428 444 464 435 470 425 466 398 445 425 476 416 476 406 468 382 460 403 483 399 481 392 474 
338 406 377 402 404 412 418 427 425 442 426 413 466 426 490 439 508 450 414 427 445 464 436 471 425 466 399 444 426 477 416 477 405 468 382 459 404 483 399 481 391 473 
337 407 377 402 403 412 417 427 424 442 425 412 466 426 490 439 508 450 414 427 445 464 436 471 425 466 398 443 426 477 416 477 405 469 381 459 404 483 399 481 391 473 
338 407 377 401 404 411 419 426 426 441 426 413 466 426 491 439 508 450 414 428 446 465 438 473 428 468 398 444 426 478 417 479 407 471 381 459 404 484 400 482 392 474 
338 407 377 401 404 410 419 425 427 440 425 413 465 426 489 439 506 450 414 428 447 465 440 474 429 470 398 444 427 478 419 480 408 472 381 459 404 484 401 484 394 477 
339 408 377 402 403 411 418 426 427 440 425 414 466 427 490 440 507 451 414 428 447 466 440 474 430 471 398 444 428 479 420 481 410 474 381 460 405 485 402 485 395 478 
339 408 377 402 404 412 419 427 428 441 426 414 466 428 490 441 506 452 414 428 447 465 442 476 432 474 397 444 427 479 420 483 410 476 381 460 404 486 402 486 396 480 
339 408 377 402 403 412 418 427 427 441 426 415 465 428 490 442 507 452 414 429 447 466 442 476 432 473 397 445 428 479 421 483 411 476 380 460 405 486 403 487 396 480 
339 409 378 403 404 413 419 428 430 442 426 416 465 428 490 442 507 453 413 430 446 466 443 477 433 475 397 446 427 480 422 484 412 478 380 461 405 487 404 488 398 482 
339 410 378 403 404 413 419 428 430 441 426 415 465 428 490 441 507 452 414 429 447 466 443 478 433 476 397 445 427 479 422 484 412 478 381 461 405 487 405 489 399 483 
341 410 379 403 406 413 422 428 432 442 426 415 467 427 492 440 508 452 413 429 447 466 443 478 434 476 397 445 427 480 421 484 411 478 380 460 405 487 404 488 397 482 
340 409 378 402 404 412 419 427 428 442 426 415 466 427 491 441 508 451 414 429 446 467 441 479 431 476 398 445 427 480 420 485 409 478 381 460 405 486 403 488 396 482 
340 409 378 402 405 411 421 426 431 441 425 414 466 428 491 441 508 452 413 428 447 466 443 478 434 476 397 444 427 479 422 485 413 479 380 460 405 487 405 489 399 484 
340 410 377 402 404 412 418 426 428 440 426 415 466 428 490 441 507 451 414 429 447 466 443 479 433 477 397 445 428 480 423 487 414 482 381 461 406 487 407 492 401 488 
341 410 378 403 405 412 421 426 431 441 426 415 466 428 490 441 507 452 414 428 448 466 445 481 435 480 397 444 429 480 425 490 416 486 380 460 406 488 408 495 403 492 
341 411 380 405 406 414 421 428 431 443 427 416 466 428 490 442 507 453 414 429 448 467 445 482 435 482 398 445 428 480 426 492 418 489 381 461 406 489 408 497 404 495 
342 410 379 404 404 414 419 429 428 444 426 416 465 429 489 443 506 453 414 430 447 467 445 483 435 483 398 445 428 481 425 492 417 490 381 461 405 489 408 497 403 495 
342 411 380 405 405 415 420 430 430 444 427 418 465 430 489 444 506 455 414 431 447 468 444 484 434 484 397 446 427 481 424 493 416 491 380 461 404 490 407 497 403 495 
342 411 378 405 404 415 418 429 427 444 426 417 464 431 488 445 505 455 413 430 446 469 443 485 433 485 397 445 427 483 423 494 415 491 380 461 404 490 406 498 402 496 
342 412 380 407 405 417 418 432 429 446 427 419 464 431 488 445 505 456 413 432 445 469 443 485 434 486 397 447 425 482 424 494 416 492 380 463 404 491 406 498 403 497 
342 412 378 406 404 416 418 431 428 446 426 419 464 432 488 446 505 457 413 432 445 470 442 486 432 485 396 447 426 483 423 495 415 492 379 462 403 491 405 499 401 497 
343 412 379 407 404 417 418 432 428 447 426 420 464 432 489 446 505 457 414 432 445 471 442 487 432 486 397 448 426 484 422 495 414 492 380 463 403 491 405 499 401 497 
343 412 378 406 403 415 417 431 426 446 425 419 464 433 488 447 505 458 413 431 445 472 442 488 432 488 396 447 426 485 422 496 414 494 379 462 403 492 405 500 401 498 
343 413 378 406 403 416 418 431 427 447 425 419 464 434 488 448 505 459 413 432 446 472 443 489 433 489 397 447 426 485 423 497 415 495 380 462 403 492 405 500 402 499 
343 414 379 408 405 418 419 433 429 449 426 420 464 434 488 448 505 459 413 433 445 471 443 488 434 489 397 449 426 484 424 497 417 496 380 464 403 492 406 501 403 501 
342 413 378 407 404 417 418 432 428 447 425 420 464 434 488 448 504 459 413 433 445 472 443 488 433 489 396 448 425 485 423 497 415 495 380 464 403 493 406 501 402 501 
343 413 378 407 404 416 418 431 428 447 425 420 464 434 488 449 504 460 413 432 445 472 443 488 433 488 396 448 425 485 423 497 415 495 379 463 402 493 405 501 401 500 
343 413 378 407 403 416 417 431 427 446 425 420 464 434 488 449 504 460 413 432 445 472 442 487 432 487 396 448 425 485 422 496 414 494 379 463 402 492 404 500 400 498 
342 413 378 407 403 418 416 433 425 449 426 421 463 435 488 449 505 459 413 434 444 472 441 488 431 488 396 449 425 485 422 496 414 494 379 464 402 493 404 501 400 500 
342 413 378 408 403 418 416 433 425 448 425 421 463 435 487 449 503 460 413 434 444 472 440 488 430 487 396 449 424 485 421 496 413 493 379 464 401 493 403 500 399 498 
342 414 377 408 402 417 416 432 424 448 425 421 463 436 487 450 503 461 413 433 444 473 440 488 429 487 396 449 424 486 420 496 411 492 379 464 401 493 402 499 397 496 
342 414 377 408 402 418 415 434 423 449 425 422 463 436 487 451 503 462 412 435 444 474 438 488 428 487 396 450 424 487 418 496 409 491 378 465 401 493 401 499 396 495 
341 414 377 409 401 419 415 434 423 450 424 422 462 438 486 452 502 462 412 435 443 475 438 488 428 485 396 450 424 487 418 494 409 488 378 464 401 493 401 498 395 493 
341 416 378 411 402 421 415 436 424 451 424 424 462 438 486 452 503 464 412 437 442 476 436 487 426 485 395 452 423 489 415 493 405 486 378 467 401 494 398 495 391 488 
340 415 376 410 400 420 413 436 419 451 423 424 462 440 486 454 502 465 412 437 442 478 435 488 424 484 395 452 422 490 413 493 403 485 378 466 399 495 395 495 388 487 
339 415 374 410 398 421 411 436 418 451 422 425 461 441 486 455 502 466 411 438 441 479 434 489 423 484 395 453 422 491 412 494 402 485 377 467 399 495 394 495 387 487 
338 416 375 412 399 423 411 439 418 453 423 427 461 442 485 457 502 467 411 440 441 479 433 489 422 484 394 455 421 492 411 493 401 485 376 469 398 496 394 495 386 488 
337 416 372 411 396 423 409 439 414 454 421 427 460 443 484 458 501 469 410 440 440 481 432 490 421 484 393 455 421 493 411 495 401 486 375 469 397 497 393 496 385 488 
335 417 371 412 395 422 408 438 413 454 418 427 458 444 483 459 501 470 408 441 439 482 431 492 421 487 392 456 419 494 410 496 399 488 374 470 396 498 392 498 384 490 
335 418 372 414 396 425 409 442 414 457 420 430 459 446 484 460 501 471 409 443 439 483 430 492 419 488 392 458 419 495 410 497 399 489 374 472 396 500 392 499 384 490 
335 418 371 415 396 426 409 443 414 459 420 430 459 446 483 461 500 473 408 443 438 484 430 493 419 488 392 458 418 496 409 497 398 489 374 473 395 500 391 499 383 490 
334 419 372 415 396 427 409 443 413 459 420 431 459 447 483 462 500 473 409 444 438 485 428 493 417 487 392 459 418 497 408 498 397 489 374 473 395 501 390 499 383 490 
334 419 371 415 396 426 409 442 415 458 419 431 458 447 482 462 499 473 408 444 437 484 430 494 419 490 392 459 418 496 409 498 398 490 374 473 395 500 391 500 384 492 
334 418 371 415 396 426 408 443 414 458 419 430 458 447 483 462 500 473 408 443 438 485 430 494 419 490 392 458 418 496 409 499 398 490 373 473 395 501 391 500 383 491 
334 419 371 415 396 427 408 443 414 459 419 431 459 447 483 462 500 474 408 444 437 485 429 494 418 490 392 459 418 496 409 499 398 491 373 473 395 501 391 500 383 492 
333 419 370 415 395 427 407 444 411 460 419 431 458 447 483 462 500 474 408 444 437 485 428 494 417 489 391 459 418 497 408 499 397 490 373 474 394 501 390 500 382 491 
333 420 369 415 394 427 407 443 412 459 417 431 457 448 482 463 499 475 406 444 437 486 429 496 418 491 390 459 417 498 408 501 398 493 372 474 394 502 390 502 383 494 
332 419 370 416 395 428 406 445 411 462 418 432 457 449 481 464 499 476 406 446 436 487 428 495 417 491 390 461 417 499 408 501 397 493 372 475 393 503 389 501 382 493 
332 422 368 417 393 428 405 444 410 460 417 433 457 450 481 466 498 478 406 447 436 487 428 497 418 493 390 462 416 499 408 503 398 495 372 476 393 504 389 504 382 496 
332 421 369 419 394 431 406 448 411 465 417 436 455 454 479 470 496 483 405 448 433 491 425 500 415 495 389 463 414 502 404 505 394 497 370 477 391 506 386 505 379 497 
331 424 368 420 393 432 405 449 410 465 416 437 455 455 479 470 496 482 405 451 434 492 426 502 416 498 389 465 414 504 406 506 396 499 371 479 391 507 386 506 379 498 
331 423 368 420 392 432 404 448 407 464 415 438 454 455 478 471 495 483 405 452 433 494 423 503 413 498 388 466 414 506 404 508 393 499 370 479 389 508 385 507 377 498 
330 424 367 422 391 434 403 450 407 467 415 440 453 457 477 473 494 485 404 452 432 495 423 505 413 502 388 467 413 506 403 509 393 502 370 480 389 509 384 508 376 500 
331 424 367 422 391 434 402 451 405 468 414 441 453 458 477 474 493 487 404 453 431 496 422 506 412 502 387 467 411 508 401 510 391 501 368 480 387 509 382 508 375 499 
329 424 366 422 390 434 401 451 404 467 414 441 452 460 475 476 492 488 403 453 430 497 420 507 410 502 387 467 411 508 400 511 390 502 368 480 386 510 381 509 373 500 
330 424 366 423 390 435 401 453 403 469 414 443 451 463 474 480 489 493 403 455 428 500 418 507 408 501 387 469 409 510 398 511 387 501 367 481 385 512 379 510 372 500 
330 425 367 424 390 437 400 455 403 471 414 445 450 465 472 483 487 497 403 458 427 502 417 510 407 505 386 471 407 512 396 513 386 503 367 483 383 513 377 511 370 501 
329 426 366 425 389 438 399 456 402 473 413 447 449 468 470 486 485 499 402 460 425 504 415 512 405 506 385 473 405 514 394 514 384 504 366 485 381 514 375 513 368 503 
328 427 365 427 387 441 397 458 400 474 411 451 446 473 466 491 480 505 400 463 421 508 410 516 402 510 384 476 402 517 391 518 381 508 365 488 379 518 373 516 365 507 
328 428 364 428 386 443 397 460 399 476 410 452 444 475 464 494 477 509 399 464 420 509 409 516 400 509 383 476 401 519 390 519 380 509 363 488 378 519 372 517 365 507 
328 429 364 430 387 444 397 462 400 478 410 455 443 479 461 498 475 513 399 466 418 512 407 518 398 511 382 478 399 521 387 520 379 510 362 488 376 520 370 518 364 509 
328 429 364 430 386 445 396 464 399 479 409 456 441 481 459 501 471 516 398 466 417 513 406 519 397 513 381 478 398 521 386 521 377 511 361 489 376 521 370 520 363 511 
327 431 363 431 386 446 397 464 401 480 408 456 441 481 459 501 472 516 397 467 416 513 407 521 398 516 380 479 397 522 387 523 378 514 361 490 375 522 370 522 364 513 
329 431 364 432 387 447 397 464 400 480 409 456 442 482 460 501 472 516 398 467 416 514 406 521 398 515 380 479 397 522 386 522 377 513 361 490 375 522 369 521 363 512 
329 432 365 432 387 446 398 464 400 480 409 456 442 482 460 501 471 516 398 468 417 514 407 521 398 515 380 480 398 522 387 523 378 514 361 491 376 522 370 522 364 513 
329 432 364 433 386 447 396 465 399 481 409 456 442 482 460 501 472 516 397 467 416 513 406 521 398 515 380 479 398 522 387 522 378 513 361 491 375 522 370 521 363 513 
328 431 364 432 386 447 397 465 400 481 409 456 441 482 459 501 471 516 397 467 416 513 406 520 397 514 379 479 397 521 387 522 378 513 360 490 375 522 370 521 364 513 
329 431 365 433 387 447 397 465 400 481 409 457 441 482 460 501 472 517 397 468 416 514 406 522 398 516 380 480 397 522 386 522 377 513 361 491 375 522 369 521 363 512 
328 431 364 432 386 447 396 465 398 481 408 457 441 482 459 501 471 517 397 468 415 514 405 521 397 515 379 480 397 522 386 523 377 513 360 490 374 522 369 522 363 513 
328 431 364 433 386 447 396 465 398 481 408 457 441 482 459 501 472 516 396 468 415 513 405 521 396 515 379 479 397 522 386 523 377 514 360 490 374 522 369 522 363 513 
327 431 364 433 386 448 396 465 399 482 408 458 440 482 459 501 472 516 396 468 415 514 405 522 397 517 379 480 397 522 386 524 377 516 360 491 375 522 370 523 363 515 
328 431 363 433 385 448 396 466 398 482 408 457 441 481 459 501 472 517 396 467 415 514 405 522 397 516 379 479 396 522 386 523 377 514 360 489 375 522 369 522 363 513 
328 431 364 433 386 447 396 465 399 481 408 457 441 482 459 502 472 517 396 468 415 514 404 521 396 514 379 479 396 522 385 522 376 512 360 490 374 522 369 521 362 512 
328 432 365 434 386 448 396 466 399 482 409 457 441 482 460 502 472 517 397 468 415 513 405 520 396 515 379 480 396 522 386 522 377 513 360 491 375 522 369 521 363 512 
328 431 364 433 386 448 396 466 398 482 408 457 441 482 459 501 471 517 396 467 416 513 406 520 397 514 379 479 397 521 386 522 377 512 360 490 375 521 369 520 363 511 
329 430 365 432 387 447 397 465 399 481 409 456 442 482 460 502 472 517 397 467 416 513 406 521 397 516 380 479 397 522 386 523 377 513 360 489 374 521 368 520 362 511 
328 430 365 432 386 447 396 465 399 481 409 456 441 481 459 501 471 516 397 466 416 512 406 520 397 514 380 478 397 521 386 522 377 513 361 489 375 521 369 521 363 512 
328 430 365 432 387 447 397 465 400 481 409 456 441 482 459 501 471 517 397 466 416 512 406 520 398 514 379 478 397 521 386 522 377 513 360 489 374 521 369 520 363 512 
328 430 364 432 386 448 395 465 396 482 409 456 441 481 459 501 471 516 397 467 415 513 403 518 395 510 380 478 396 521 385 520 376 509 361 489 374 521 368 519 362 508 
329 430 366 433 388 448 397 466 401 482 409 457 441 482 460 502 472 517 397 467 416 513 406 521 398 516 380 479 397 521 386 523 378 514 360 490 375 521 370 521 364 512 
329 430 365 433 387 448 397 466 400 482 410 457 442 482 460 502 472 517 397 467 416 513 405 521 397 515 380 479 397 521 386 522 377 512 361 490 374 521 369 520 362 511 
329 430 365 432 387 446 397 464 400 480 410 457 442 482 459 501 471 516 398 468 416 513 406 520 398 515 381 480 397 521 387 523 379 514 361 490 375 521 370 520 364 512 
329 430 365 433 387 448 396 466 399 482 409 456 442 481 460 501 472 517 397 467 416 513 405 520 397 513 380 478 397 521 386 521 377 510 361 489 375 521 369 519 363 509 
329 431 366 433 388 447 398 465 401 481 410 457 442 482 459 502 471 517 398 468 416 513 405 520 397 513 381 480 397 522 386 522 377 512 361 490 375 522 369 520 363 511 
329 430 365 432 387 447 397 465 400 480 410 457 442 482 459 502 471 517 398 468 416 514 405 520 396 513 381 479 397 522 386 522 377 511 362 490 375 522 369 520 363 510 
329 431 365 433 386 448 396 465 399 482 409 457 441 482 460 502 472 517 397 468 416 513 405 520 397 514 380 479 397 522 386 522 377 512 361 490 375 521 369 520 363 511 
329 431 366 434 388 449 398 466 401 482 410 458 442 482 460 502 472 517 398 468 416 514 406 522 398 517 380 480 397 522 386 523 378 514 361 490 375 522 369 521 363 512 
329 430 365 433 387 448 397 466 400 482 410 457 442 482 460 502 471 518 398 467 416 513 405 521 397 515 381 479 397 522 386 522 377 512 362 490 375 521 369 520 363 511 
329 430 366 433 387 448 397 466 400 483 410 457 442 481 460 502 472 517 398 467 416 513 406 521 398 516 381 479 397 521 387 522 378 513 362 490 375 521 370 520 363 511 
330 429 367 433 388 448 398 466 401 482 411 457 443 482 460 502 472 517 399 467 417 513 406 521 398 516 382 478 397 521 386 522 378 512 362 489 375 520 369 519 363 510 
330 429 367 433 389 448 398 465 402 481 412 457 443 482 461 501 472 516 399 468 418 512 408 520 399 516 382 479 398 521 388 521 379 512 364 490 376 520 370 519 364 510 
333 429 370 431 392 446 403 464 407 479 416 455 447 481 463 501 473 517 404 464 423 510 413 520 404 516 387 476 403 519 393 521 384 513 367 487 380 519 375 518 369 510 
335 426 371 429 394 445 403 463 406 479 418 454 447 480 462 502 471 518 406 463 425 510 415 518 405 514 389 474 405 517 394 518 385 508 369 485 381 517 376 515 369 505 
337 426 373 427 396 442 406 460 408 476 420 451 449 479 463 500 472 517 408 461 428 508 418 518 409 514 391 472 408 516 397 518 388 510 371 483 384 515 379 515 372 506 
341 424 377 427 399 442 409 460 412 476 423 450 452 478 465 501 473 517 412 460 431 507 421 517 411 513 395 471 412 515 400 516 391 508 374 481 387 514 382 512 375 503 
344 423 381 426 404 441 414 460 418 476 428 449 454 478 467 500 474 516 416 458 435 505 426 515 417 513 399 469 415 513 405 515 396 507 378 480 391 512 386 510 380 501 
347 422 384 424 407 439 418 457 424 473 431 446 458 476 471 498 478 514 420 456 440 502 432 513 423 513 403 467 420 510 410 514 402 507 383 478 395 510 390 509 385 500 
351 419 388 422 411 437 422 454 426 470 435 444 462 472 475 493 483 509 424 454 445 499 436 510 427 508 408 465 425 508 415 510 406 503 388 476 401 508 396 506 389 497 
356 417 393 419 416 434 427 452 431 467 440 442 467 468 481 489 489 504 429 452 450 497 440 507 431 504 413 463 431 506 419 508 410 499 393 474 407 506 401 504 395 494 
361 417 398 418 421 433 432 451 437 466 445 440 473 466 488 485 497 501 435 450 456 494 449 505 440 504 419 462 437 503 427 506 419 500 400 473 413 504 408 503 402 495 
371 413 410 415 433 429 443 448 448 464 457 433 486 458 502 477 512 493 446 444 468 486 462 497 455 496 430 456 448 496 440 499 433 491 411 468 425 499 422 498 417 489 
377 409 417 411 440 425 450 443 454 459 463 429 493 452 509 469 519 482 453 442 475 480 468 485 460 481 439 454 456 490 447 487 439 477 421 466 436 492 431 488 425 478 
388 406 427 406 451 420 462 437 468 452 475 423 504 445 521 463 532 477 465 435 488 472 484 482 478 481 451 447 470 482 463 484 456 478 433 460 450 487 447 485 441 478 
400 401 438 400 461 413 474 430 480 444 485 416 515 437 530 454 541 467 476 427 503 462 502 473 496 474 462 440 485 473 481 479 475 475 446 453 464 478 463 479 458 474 
410 398 447 395 472 407 486 423 493 438 497 408 525 426 538 442 548 453 488 421 514 449 517 462 515 466 476 435 498 462 499 471 495 470 462 449 478 468 482 472 481 471 
421 392 461 390 488 400 503 415 510 429 508 400 535 418 548 431 558 440 502 413 528 434 542 446 550 454 491 427 514 448 526 458 532 462 479 441 496 460 503 465 507 466 
434 388 477 385 505 396 522 411 531 425 521 399 548 415 561 425 568 430 516 411 545 427 560 436 569 440 507 423 534 440 549 448 557 450 498 435 519 451 529 455 535 456 
448 383 489 380 518 390 536 402 548 417 535 393 562 406 575 416 582 422 531 404 560 418 574 428 581 433 524 415 551 430 564 438 570 441 515 426 538 439 548 445 552 447 
462 375 505 372 533 381 553 394 565 409 550 385 576 398 591 407 601 412 546 397 574 409 591 418 601 422 538 408 566 422 580 428 588 431 529 420 552 433 563 438 568 440 
-1 -1 -1 -1 -1 -1 -1 -1 -1 -1 -1 -1 -1 -1 -1 -1 -1 -1 -1 -1 -1 -1 -1 -1 -1 -1 -1 -1 -1 -1 -1 -1 -1 -1 -1 -1 -1 -1 -1 -1 -1 -1 
-1 -1 -1 -1 -1 -1 -1 -1 -1 -1 -1 -1 -1 -1 -1 -1 -1 -1 -1 -1 -1 -1 -1 -1 -1 -1 -1 -1 -1 -1 -1 -1 -1 -1 -1 -1 -1 -1 -1 -1 -1 -1 
-1 -1 -1 -1 -1 -1 -1 -1 -1 -1 -1 -1 -1 -1 -1 -1 -1 -1 -1 -1 -1 -1 -1 -1 -1 -1 -1 -1 -1 -1 -1 -1 -1 -1 -1 -1 -1 -1 -1 -1 -1 -1 
-1 -1 -1 -1 -1 -1 -1 -1 -1 -1 -1 -1 -1 -1 -1 -1 -1 -1 -1 -1 -1 -1 -1 -1 -1 -1 -1 -1 -1 -1 -1 -1 -1 -1 -1 -1 -1 -1 -1 -1 -1 -1 
-1 -1 -1 -1 -1 -1 -1 -1 -1 -1 -1 -1 -1 -1 -1 -1 -1 -1 -1 -1 -1 -1 -1 -1 -1 -1 -1 -1 -1 -1 -1 -1 -1 -1 -1 -1 -1 -1 -1 -1 -1 -1 
-1 -1 -1 -1 -1 -1 -1 -1 -1 -1 -1 -1 -1 -1 -1 -1 -1 -1 -1 -1 -1 -1 -1 -1 -1 -1 -1 -1 -1 -1 -1 -1 -1 -1 -1 -1 -1 -1 -1 -1 -1 -1 
-1 -1 -1 -1 -1 -1 -1 -1 -1 -1 -1 -1 -1 -1 -1 -1 -1 -1 -1 -1 -1 -1 -1 -1 -1 -1 -1 -1 -1 -1 -1 -1 -1 -1 -1 -1 -1 -1 -1 -1 -1 -1 
93 132 73 143 55 141 40 138 29 137 56 120 39 106 29 99 22 94 64 110 49 94 40 87 33 83 75 104 64 89 56 83 52 80 87 102 80 90 74 84 69 81 
-1 -1 -1 -1 -1 -1 -1 -1 -1 -1 -1 -1 -1 -1 -1 -1 -1 -1 -1 -1 -1 -1 -1 -1 -1 -1 -1 -1 -1 -1 -1 -1 -1 -1 -1 -1 -1 -1 -1 -1 -1 -1 
-1 -1 -1 -1 -1 -1 -1 -1 -1 -1 -1 -1 -1 -1 -1 -1 -1 -1 -1 -1 -1 -1 -1 -1 -1 -1 -1 -1 -1 -1 -1 -1 -1 -1 -1 -1 -1 -1 -1 -1 -1 -1 
