-1 -1 -1 -1 -1 -1 -1 -1 -1 -1 -1 -1 -1 -1 -1 -1 -1 -1 -1 -1 -1 -1 -1 -1 -1 -1 -1 -1 -1 -1 -1 -1 -1 -1 -1 -1 -1 -1 -1 -1 -1 -1 
-1 -1 -1 -1 -1 -1 -1 -1 -1 -1 -1 -1 -1 -1 -1 -1 -1 -1 -1 -1 -1 -1 -1 -1 -1 -1 -1 -1 -1 -1 -1 -1 -1 -1 -1 -1 -1 -1 -1 -1 -1 -1 
-1 -1 -1 -1 -1 -1 -1 -1 -1 -1 -1 -1 -1 -1 -1 -1 -1 -1 -1 -1 -1 -1 -1 -1 -1 -1 -1 -1 -1 -1 -1 -1 -1 -1 -1 -1 -1 -1 -1 -1 -1 -1 
-1 -1 -1 -1 -1 -1 -1 -1 -1 -1 -1 -1 -1 -1 -1 -1 -1 -1 -1 -1 -1 -1 -1 -1 -1 -1 -1 -1 -1 -1 -1 -1 -1 -1 -1 -1 -1 -1 -1 -1 -1 -1 
-1 -1 -1 -1 -1 -1 -1 -1 -1 -1 -1 -1 -1 -1 -1 -1 -1 -1 -1 -1 -1 -1 -1 -1 -1 -1 -1 -1 -1 -1 -1 -1 -1 -1 -1 -1 -1 -1 -1 -1 -1 -1 
469 371 482 350 498 346 510 354 515 364 515 351 525 366 518 369 512 368 516 369 524 385 514 386 506 383 510 386 515 399 505 399 498 395 501 402 501 413 493 410 488 404 
460 373 475 351 494 349 508 358 515 367 515 350 522 368 515 374 509 371 515 368 520 386 510 389 503 385 510 387 512 401 503 401 497 396 502 404 499 413 491 410 488 404 
461 372 476 351 493 351 506 360 513 369 514 352 521 369 514 374 508 373 514 370 519 387 509 389 502 386 509 388 511 403 501 402 495 396 502 405 498 415 489 411 486 404 
462 373 476 352 492 352 506 360 512 368 515 354 521 372 514 378 508 376 515 372 519 390 509 392 503 389 510 390 511 405 502 404 496 398 503 406 499 415 490 412 487 405 
461 376 476 355 492 354 505 362 512 370 514 355 521 373 514 378 507 376 514 373 519 390 509 392 502 389 508 391 511 405 501 404 495 399 501 407 498 416 490 413 486 407 
462 376 476 355 493 355 506 363 512 371 514 358 521 375 513 380 507 377 514 376 519 391 509 394 503 390 508 393 511 407 502 405 496 400 500 409 498 417 490 414 487 407 
463 378 476 357 493 357 506 366 512 374 514 358 521 375 514 380 507 378 514 376 518 392 508 394 502 391 508 393 510 407 501 406 495 400 502 409 498 418 489 414 486 408 
463 376 476 356 491 358 503 367 509 376 513 359 518 375 511 380 505 378 514 376 517 392 508 395 501 392 509 393 510 408 501 407 495 401 502 409 497 419 489 415 486 408 
463 377 477 357 494 357 506 365 511 374 514 359 520 377 513 381 506 379 514 377 517 394 508 396 501 392 508 394 510 409 501 408 495 402 502 411 497 420 489 417 486 410 
462 378 476 358 493 358 507 367 513 376 513 360 520 377 513 382 507 379 514 377 517 394 508 396 501 392 509 394 511 409 502 408 496 402 502 410 499 420 491 416 487 409 
462 377 476 358 492 359 504 369 511 377 513 360 520 377 513 382 507 381 513 377 517 395 507 397 501 393 508 394 509 410 499 408 494 403 502 410 497 420 488 416 485 409 
463 377 478 358 494 358 506 366 511 375 513 361 520 378 513 383 507 380 513 378 517 395 508 397 502 393 508 395 510 410 501 408 496 402 501 411 497 420 489 416 486 409 
463 377 477 357 493 358 505 366 510 375 514 360 518 377 510 381 504 379 514 377 515 394 506 396 500 392 508 394 508 409 499 407 494 402 500 410 496 420 488 416 485 410 
462 375 477 357 493 358 506 367 511 376 514 359 519 378 512 382 506 380 514 376 516 395 507 396 501 392 508 393 509 410 499 408 494 402 501 409 497 420 488 416 485 409 
462 376 478 357 494 358 506 367 511 376 514 360 519 378 512 382 506 379 513 377 516 394 507 395 501 391 507 394 508 409 499 407 494 401 500 409 496 419 488 415 485 408 
463 376 477 357 493 357 505 366 510 375 513 359 519 376 511 381 505 378 513 376 516 393 507 395 501 391 507 393 509 408 500 406 495 400 501 408 497 418 489 414 486 408 
463 375 478 356 494 357 506 366 510 375 513 360 520 376 513 381 507 378 512 377 516 393 507 395 502 391 507 394 509 408 500 406 495 400 500 409 497 417 489 414 486 408 
464 377 478 357 493 357 505 364 510 373 513 359 517 375 510 380 504 377 513 376 515 392 506 394 500 390 508 393 508 407 499 406 494 400 501 409 496 418 488 414 486 407 
463 375 478 357 493 357 506 365 511 374 513 360 518 375 512 379 506 377 513 376 516 392 507 394 501 389 508 393 509 407 500 405 495 399 502 408 497 417 489 413 486 406 
464 376 479 357 494 356 506 364 510 373 514 360 518 377 511 380 505 377 513 378 515 393 506 394 501 390 506 394 507 408 499 406 495 400 499 409 496 419 489 415 486 409 
462 375 478 355 495 355 508 363 512 373 515 359 521 378 513 382 508 379 514 377 516 395 507 395 502 391 507 394 508 408 500 406 495 400 499 409 496 418 489 414 485 408 
461 375 476 355 494 355 507 363 513 372 514 357 520 375 513 380 507 377 513 375 517 392 507 393 501 389 507 392 509 406 500 405 495 399 500 408 497 417 489 413 486 407 
463 374 477 354 494 355 507 363 512 372 515 359 521 376 514 381 508 378 514 377 517 393 508 395 502 391 507 393 509 408 500 406 495 400 500 409 497 418 489 414 485 407 
463 376 478 355 495 354 507 363 511 373 515 357 520 375 512 379 505 376 514 375 517 392 508 393 501 388 507 393 509 406 500 405 495 399 500 409 498 417 490 414 486 408 
462 373 477 354 494 354 507 363 512 372 513 357 520 374 513 378 507 375 513 375 517 391 508 392 502 388 508 392 511 406 502 403 496 397 501 407 499 416 491 412 487 405 
463 376 477 355 494 354 508 362 513 371 514 357 521 375 513 379 508 376 513 374 517 392 508 393 502 389 507 392 509 406 501 405 496 399 500 408 498 417 490 414 487 408 
461 374 476 354 493 355 507 363 513 372 513 357 520 374 513 379 507 377 513 374 517 391 508 393 502 389 507 392 509 406 500 405 495 399 500 408 497 417 489 413 486 407 
462 374 478 354 496 355 509 365 513 374 515 359 522 377 514 381 508 378 514 376 517 393 507 394 502 390 507 393 508 408 499 405 494 399 500 409 497 418 488 413 485 407 
463 376 477 355 494 354 507 363 513 372 513 357 520 374 513 379 506 376 513 375 517 392 508 393 502 389 507 392 509 407 500 405 495 399 499 408 497 418 490 414 486 408 
461 374 475 355 493 355 506 364 513 373 513 356 521 374 514 379 508 377 512 374 517 391 507 393 501 389 507 391 509 406 499 404 494 399 501 407 498 417 489 413 486 407 
463 374 477 354 494 354 507 362 512 371 514 356 520 374 513 379 506 376 514 374 517 391 508 393 502 389 508 392 510 407 501 405 496 399 501 408 498 418 490 414 487 407 
461 375 476 354 494 354 507 364 512 374 514 356 521 375 514 379 507 376 513 375 518 392 508 393 501 389 507 392 510 407 500 405 495 399 500 408 498 417 490 413 486 407 
462 376 477 355 494 354 507 363 512 373 513 357 520 374 513 379 507 376 513 375 518 392 508 393 502 389 507 392 510 407 501 405 495 399 500 408 498 418 490 414 486 407 
462 374 476 354 494 354 507 363 512 373 513 356 520 373 513 378 507 376 513 373 517 390 508 392 502 388 508 391 511 406 502 404 496 398 502 407 499 417 491 413 487 407 
461 374 477 354 495 354 508 364 513 374 513 358 521 375 514 379 508 376 512 376 518 392 508 393 502 389 506 393 510 407 501 404 495 398 499 408 498 417 489 413 486 407 
462 374 478 354 495 354 508 364 512 374 515 357 522 376 514 380 509 377 514 375 518 393 508 394 502 390 507 392 509 408 500 405 495 399 500 409 497 418 489 414 486 407 
461 374 476 354 494 354 507 364 512 373 514 356 519 374 512 378 505 375 514 374 517 391 508 392 501 388 508 391 510 406 501 404 495 398 501 408 498 417 490 413 487 406 
461 374 476 354 494 353 508 363 512 373 514 357 521 375 513 379 507 376 513 375 517 393 508 393 501 389 507 392 510 408 500 405 495 399 500 408 497 418 489 414 486 407 
461 374 477 354 495 353 509 363 513 374 515 356 522 376 514 380 508 376 514 374 518 393 508 394 502 389 507 392 510 408 501 405 495 399 500 409 498 419 490 415 486 408 
460 373 475 354 494 355 508 365 513 375 515 355 522 375 514 380 508 377 514 373 518 392 508 394 502 389 508 390 510 408 500 405 494 399 501 407 497 418 489 414 485 407 
461 372 477 354 495 355 508 366 513 376 515 355 522 375 514 379 508 376 514 373 518 392 508 393 502 388 509 390 510 407 500 405 495 398 502 406 498 418 489 413 486 406 
462 373 478 354 496 355 509 365 513 376 515 356 522 375 514 379 508 376 515 374 518 392 509 393 503 388 508 391 510 408 501 405 497 399 501 407 498 419 490 414 487 407 
462 373 478 354 496 355 509 365 513 376 515 356 523 375 515 379 509 375 515 373 519 392 510 393 503 388 508 391 511 407 502 405 497 398 501 407 499 418 491 414 488 407 
463 373 478 354 496 355 509 365 513 375 515 355 522 374 515 378 509 375 515 372 519 391 510 392 504 388 509 390 512 407 502 404 497 398 503 406 499 418 491 414 488 407 
462 374 478 354 496 355 509 365 514 376 516 355 523 374 515 378 509 375 515 373 520 391 509 392 503 387 509 390 511 406 501 404 496 398 503 407 499 417 490 413 487 406 
464 373 479 354 497 354 510 364 513 376 516 356 522 374 515 378 509 375 515 374 519 391 510 392 503 387 509 391 511 407 502 404 497 398 502 407 498 418 490 413 487 407 
463 372 479 354 497 355 510 367 513 378 516 355 523 374 514 378 508 374 515 373 519 392 509 392 503 387 509 391 511 407 501 404 496 398 502 407 498 418 490 413 487 406 
463 372 478 353 496 354 509 365 513 375 516 355 523 374 515 378 509 374 515 373 520 391 510 392 504 387 509 390 512 407 503 405 497 398 502 407 499 418 491 414 488 407 
463 373 478 354 496 355 509 367 513 378 515 355 522 374 514 378 508 374 515 373 520 391 510 392 503 387 509 390 512 407 502 404 497 398 502 407 499 418 491 414 487 406 
462 373 477 355 494 356 507 368 512 378 514 355 521 373 513 377 506 375 515 372 519 391 509 392 502 387 510 390 512 407 501 405 496 398 504 406 499 419 490 414 487 406 
462 373 477 353 495 354 508 365 512 376 515 355 523 374 515 378 508 375 515 374 520 392 510 393 504 388 509 391 512 408 503 406 498 399 502 407 499 420 491 415 488 408 
461 373 477 355 496 356 510 368 514 379 517 355 526 376 517 380 511 376 516 372 521 393 510 394 504 388 509 390 512 409 502 406 497 399 501 406 500 420 491 415 488 407 
461 374 477 355 496 356 509 367 515 379 516 354 526 375 518 379 512 376 516 372 522 393 511 394 505 388 509 389 513 409 502 406 498 399 502 406 500 420 491 415 488 407 
463 374 478 356 497 356 511 367 518 379 517 353 530 374 521 379 516 375 517 370 526 394 514 395 508 388 511 387 516 410 504 407 499 399 503 405 501 421 492 416 489 408 
464 374 480 356 499 356 514 367 521 378 518 353 533 375 525 380 519 376 517 370 528 396 516 397 510 391 511 389 517 411 505 408 500 401 502 406 502 421 493 417 490 410 
465 374 481 356 500 357 515 368 525 379 516 352 536 370 529 378 522 377 515 369 532 392 522 396 514 392 510 388 521 409 509 409 502 401 502 406 506 421 496 418 492 411 
466 372 484 355 502 358 516 371 522 383 517 352 541 369 533 378 525 378 515 367 538 391 526 397 518 394 509 385 530 409 515 410 506 404 500 403 511 421 500 419 493 411 
461 371 479 354 498 355 511 366 517 377 516 351 540 371 531 380 523 379 515 366 539 390 526 396 518 392 509 383 532 407 517 409 508 404 500 401 514 421 503 420 495 413 
455 371 473 352 493 353 509 365 514 377 514 349 533 372 527 381 519 381 514 364 535 389 523 395 514 392 509 382 529 407 514 409 504 403 500 401 511 421 499 419 492 412 
453 373 470 353 492 354 507 366 513 376 514 350 530 373 522 380 514 379 514 366 532 389 519 395 509 393 509 384 527 406 511 408 501 402 501 403 510 420 497 418 490 411 
452 373 470 355 491 357 505 369 512 379 514 352 528 374 520 381 513 379 514 367 531 389 517 395 509 393 509 384 525 406 508 407 500 401 501 403 509 420 497 417 490 409 
451 372 469 354 490 355 505 366 512 377 514 351 527 374 518 381 511 379 514 366 529 390 516 396 508 393 508 384 523 407 508 408 499 402 501 402 509 421 497 418 490 410 
450 372 468 353 490 356 505 368 512 378 513 352 526 375 518 382 510 380 512 367 528 391 515 396 506 393 507 384 522 407 507 408 498 402 498 403 508 421 497 417 490 410 
449 372 468 354 490 355 505 367 511 377 514 352 526 376 517 382 509 380 514 367 528 391 515 396 507 393 509 385 521 407 507 407 499 402 501 403 508 421 497 417 491 410 
449 372 468 353 490 354 505 366 511 377 514 351 525 375 516 381 508 379 515 367 528 391 515 396 506 393 510 385 522 407 507 407 499 402 502 404 509 421 497 418 491 410 
448 374 469 355 490 356 505 367 512 378 513 352 525 376 515 382 508 380 513 368 526 391 513 396 505 393 508 386 520 407 506 407 498 401 501 404 508 420 497 417 491 410 
449 373 468 354 488 355 504 366 510 377 513 350 524 374 515 380 506 379 515 367 527 390 514 396 506 393 510 385 521 407 507 408 499 402 502 404 508 421 497 418 491 411 
448 372 466 353 487 354 503 364 509 374 512 349 522 372 513 379 505 378 513 365 525 390 514 395 505 392 509 384 522 406 508 407 500 402 501 402 509 420 499 418 492 411 
448 373 467 352 487 352 503 362 509 372 513 348 522 371 512 377 504 375 516 365 525 389 513 394 505 390 511 383 521 406 508 407 500 402 504 402 510 421 499 419 492 411 
448 372 467 352 487 353 503 363 509 373 513 349 522 374 512 379 504 376 515 365 525 391 513 395 504 391 510 383 521 407 508 407 500 402 503 402 509 421 498 419 492 411 
449 373 467 353 487 353 504 361 510 370 513 350 522 375 512 380 504 377 515 366 524 392 512 395 504 391 511 384 520 407 507 407 499 402 504 402 509 421 498 418 492 410 
450 372 468 353 488 353 504 363 509 373 513 350 521 375 511 381 504 378 515 366 524 392 512 396 504 391 511 384 520 408 507 408 500 402 504 402 508 421 498 419 492 411 
451 372 469 352 488 353 504 361 510 370 514 352 522 377 511 382 504 379 516 368 523 393 512 396 504 392 511 386 518 409 505 408 499 402 503 403 506 421 496 418 491 410 
453 373 469 353 488 354 503 363 510 373 512 351 522 375 512 381 504 379 514 366 524 392 512 396 504 393 510 383 519 408 505 408 498 402 504 401 507 420 495 418 491 409 
452 372 468 352 488 352 504 359 511 368 513 351 520 376 510 382 503 378 515 367 521 393 510 396 503 392 510 384 517 408 505 408 499 401 503 401 505 421 495 418 490 409 
451 373 468 353 488 352 504 360 510 369 512 351 521 375 511 380 504 377 514 366 522 392 510 395 503 391 510 383 516 407 504 407 498 400 502 400 504 420 493 417 489 408 
452 371 468 351 488 350 504 357 511 364 513 351 520 376 511 380 504 376 515 367 521 392 510 394 502 389 509 384 515 407 504 406 498 399 502 401 503 420 494 416 490 407 
451 371 469 351 489 350 505 357 512 365 514 353 521 377 511 381 504 377 515 369 520 394 509 395 502 390 509 386 513 408 502 406 497 399 500 401 501 419 492 415 488 406 
453 371 469 351 488 350 504 357 510 366 512 352 519 375 510 379 503 375 514 368 519 391 509 393 501 388 508 385 514 406 503 405 497 398 500 401 501 419 493 415 489 406 
452 371 468 350 488 348 505 355 511 362 514 353 519 376 510 380 503 376 514 371 518 393 509 394 501 389 507 388 512 407 503 406 497 399 498 403 500 419 492 415 489 407 
450 374 466 350 486 347 503 353 511 362 514 352 518 376 508 380 501 377 515 370 518 393 507 395 500 390 509 387 512 408 501 406 496 400 500 404 499 420 491 416 487 407 
448 373 465 351 485 348 503 355 510 363 513 351 518 375 508 380 500 376 514 369 517 393 507 394 499 389 508 388 512 408 502 406 496 400 499 404 499 421 491 416 487 408 
447 373 465 351 486 348 504 355 511 364 514 353 518 377 508 382 500 378 514 370 517 394 506 396 498 390 507 388 510 409 500 407 494 401 498 405 498 421 489 417 485 408 
448 373 465 351 486 348 504 356 510 365 514 353 518 378 508 382 500 378 514 371 517 395 506 396 499 391 507 389 510 409 500 408 494 401 498 405 498 421 489 417 485 408 
447 375 464 352 485 349 503 355 510 364 513 352 517 376 507 381 500 377 514 370 517 394 506 395 498 391 508 388 511 409 500 408 494 401 499 405 498 421 489 417 486 409 
448 374 466 352 486 349 504 357 510 366 513 354 518 377 508 382 500 378 514 371 517 395 507 396 498 391 507 389 511 410 501 408 495 401 498 405 499 421 490 417 486 408 
448 374 465 351 486 349 504 356 510 365 514 354 519 378 508 382 501 378 514 372 518 395 507 397 499 391 506 389 511 410 500 408 495 401 497 406 498 422 490 418 486 409 
447 375 464 352 484 350 502 357 508 366 513 353 517 377 507 382 500 378 514 371 517 395 506 396 498 391 507 389 511 410 500 408 495 402 498 406 498 422 490 418 486 409 
448 374 465 352 486 351 503 358 510 367 513 354 518 377 508 382 500 378 514 370 518 395 506 396 498 391 508 388 511 410 500 408 494 401 499 404 498 421 489 417 485 409 
449 375 466 353 486 352 502 360 509 369 512 353 518 377 507 381 500 378 513 370 518 394 506 396 499 391 507 388 511 410 500 408 494 402 499 405 499 422 489 418 486 409 
449 374 467 352 488 351 505 358 511 368 514 355 519 379 509 383 502 379 513 373 518 397 507 397 499 392 506 390 511 412 500 409 495 402 497 406 499 423 489 418 486 409 
449 376 466 354 486 354 502 363 508 373 514 354 517 376 507 382 500 379 514 371 518 395 506 397 498 393 508 389 510 411 498 409 493 403 499 406 498 423 488 418 485 410 
449 374 465 353 485 352 502 360 509 368 513 355 518 378 507 383 500 379 515 372 517 396 506 397 499 392 508 390 510 412 499 410 494 403 499 406 497 424 489 419 486 410 
449 374 466 353 486 353 503 363 508 373 513 355 519 379 508 384 501 380 514 373 518 397 507 398 499 393 507 390 511 412 501 410 495 403 499 406 499 423 490 419 486 410 
450 374 467 353 487 354 502 363 508 372 514 356 518 379 508 384 501 380 514 373 518 396 506 398 499 393 507 391 511 412 500 410 494 403 498 407 498 423 489 419 486 410 
450 374 466 353 486 353 501 362 507 372 514 356 518 379 508 384 501 380 514 373 518 396 506 398 499 393 507 390 510 411 499 410 494 403 498 407 498 423 489 419 485 410 
450 375 465 353 485 353 501 362 508 371 511 354 517 376 508 382 500 379 513 371 517 394 506 397 499 392 508 389 511 411 499 409 494 403 500 406 499 423 489 419 486 410 
449 373 464 352 484 351 500 360 507 369 513 354 517 376 506 381 499 378 514 372 517 395 505 396 498 391 508 390 510 411 500 409 494 402 499 407 498 423 489 419 486 410 
449 375 465 352 486 351 503 360 509 371 514 356 518 378 508 382 501 379 514 374 517 395 506 397 498 391 507 391 509 411 499 408 493 402 498 407 497 422 488 418 485 409 
450 375 465 352 484 351 501 359 508 370 512 353 518 375 508 380 501 377 513 370 517 393 505 395 498 390 508 388 510 409 499 408 494 401 500 405 499 422 490 418 486 409 
447 373 463 352 483 351 499 359 507 368 510 351 516 372 506 378 499 376 512 368 516 391 505 394 498 389 507 386 510 408 498 407 493 400 499 403 499 421 489 417 485 408 
448 372 464 349 485 347 503 355 509 366 514 353 518 375 508 380 501 376 514 372 516 393 505 394 498 389 507 390 509 409 499 407 494 400 497 407 498 421 490 417 485 408 
447 375 462 350 482 347 499 355 507 365 511 349 518 372 508 376 500 373 513 366 517 391 505 393 497 388 508 385 511 407 499 406 493 400 501 403 500 420 490 417 486 408 
446 371 463 349 484 346 501 354 507 363 514 350 517 373 507 378 499 375 515 368 516 391 505 393 497 388 508 387 509 408 498 405 493 399 499 405 497 420 488 415 484 407 
446 372 463 350 483 348 500 357 506 367 512 347 517 370 507 375 499 372 515 365 517 389 505 391 497 386 509 384 510 406 498 405 492 399 502 402 499 419 489 415 485 407 
447 370 464 348 485 347 502 355 508 365 515 350 519 374 508 379 501 375 515 368 517 392 505 393 498 388 508 386 509 408 498 406 493 399 498 403 498 420 488 416 484 407 
447 373 463 350 483 348 500 356 507 366 511 347 518 369 508 375 501 373 513 365 518 389 506 392 498 387 509 384 511 405 499 405 493 399 501 401 500 418 490 415 486 407 
447 370 463 349 484 348 501 356 507 366 513 348 518 372 508 377 500 374 514 366 518 390 506 392 498 387 508 385 511 407 499 405 494 399 499 402 499 420 489 416 485 406 
447 373 463 351 483 349 500 357 507 367 513 349 517 371 507 377 499 375 514 366 517 390 505 393 498 388 509 384 510 406 498 406 493 399 501 402 499 419 489 416 486 408 
448 372 464 351 484 350 501 358 508 369 511 349 518 372 508 377 501 374 513 366 518 390 506 392 499 387 508 385 512 407 500 406 494 399 501 402 501 419 491 416 487 407 
449 371 464 351 484 351 501 360 507 370 511 349 519 372 509 377 501 375 513 365 518 390 506 392 499 388 508 384 512 407 500 406 494 399 501 401 501 420 491 416 486 408 
449 373 464 352 483 351 500 358 508 368 511 349 518 371 508 377 500 375 514 366 518 390 507 393 499 388 510 384 512 407 500 406 494 400 503 402 501 420 491 416 487 407 
449 371 466 350 486 350 502 360 507 371 513 349 518 371 509 376 501 374 515 367 519 390 507 392 499 387 509 386 512 407 501 406 495 399 501 403 501 420 491 416 487 407 
450 374 465 352 485 351 501 359 507 369 511 349 518 370 509 376 501 373 514 366 519 389 507 392 499 388 509 384 513 406 501 405 494 399 502 401 502 419 492 416 487 408 
450 371 465 351 485 351 501 359 508 369 512 349 519 371 509 377 501 375 514 366 519 390 507 392 500 388 509 384 513 407 501 406 495 399 501 402 501 420 491 416 488 407 
450 371 466 351 486 351 501 360 508 370 512 348 520 370 510 375 502 373 515 364 520 388 508 391 500 387 510 383 514 406 501 405 496 398 503 401 502 419 491 416 487 407 
450 371 466 350 486 350 502 359 509 369 512 348 521 371 511 377 503 375 514 365 520 389 508 393 501 388 510 383 514 406 501 406 495 400 502 402 502 420 492 416 487 408 
451 372 467 351 488 350 504 360 509 371 513 347 523 372 513 378 506 375 514 365 522 389 510 392 502 388 509 383 515 405 503 405 496 399 501 402 504 419 494 416 488 408 
451 372 467 351 486 351 502 361 508 372 512 346 522 369 513 376 505 374 514 363 523 387 510 392 503 388 509 382 517 405 503 405 497 399 502 401 504 420 494 416 489 407 
450 371 467 350 487 351 502 361 509 371 511 346 522 369 513 376 505 374 513 363 523 388 510 392 503 387 508 382 516 406 503 406 497 399 501 400 504 420 493 416 489 407 
451 371 466 350 487 351 503 360 510 371 512 346 524 369 515 376 507 374 514 363 524 387 512 392 504 388 509 382 518 405 504 405 497 399 501 400 505 419 494 416 489 407 
452 371 468 351 488 351 505 361 512 372 513 346 526 372 516 378 509 375 513 363 525 389 511 393 504 388 508 381 518 406 503 406 496 398 500 400 505 420 493 416 488 407 
451 371 468 351 489 351 505 360 512 371 514 347 525 371 516 377 509 375 515 363 525 389 511 392 504 387 509 382 518 407 503 406 497 398 502 400 504 420 492 416 488 407 
453 371 470 351 491 351 507 360 514 371 515 348 530 375 520 380 513 376 515 364 527 392 513 395 506 388 509 382 519 408 504 407 498 399 501 400 506 420 493 417 488 408 
451 372 470 353 491 353 507 363 515 373 516 349 530 376 520 381 514 378 516 365 527 393 513 395 506 389 510 382 519 409 503 407 498 399 502 400 505 421 492 416 488 407 
451 371 470 353 492 353 508 363 516 372 516 349 532 375 522 381 515 378 515 365 528 393 514 396 507 390 509 382 521 409 505 408 498 400 501 400 506 421 493 418 487 409 
451 372 472 355 494 356 509 366 518 376 516 350 533 374 524 381 517 379 515 365 530 392 515 396 507 391 509 383 523 409 507 408 499 400 501 401 507 421 495 418 488 410 
450 373 474 359 495 361 509 373 519 384 517 353 533 376 524 383 518 381 515 368 530 392 515 396 507 392 509 385 521 409 505 408 498 400 502 403 507 421 495 418 488 410 
449 374 473 358 495 359 510 371 520 381 517 352 535 375 525 382 517 380 515 368 531 393 515 397 508 392 509 386 523 409 507 408 499 401 501 404 509 422 497 418 490 411 
447 373 473 357 495 358 510 369 519 379 517 351 535 375 526 382 518 380 513 366 531 392 516 397 508 392 506 384 523 408 508 408 500 401 498 402 510 420 498 417 491 411 
444 374 471 357 493 357 509 367 518 377 516 351 534 376 524 382 516 380 514 366 531 393 516 397 507 392 507 384 524 408 508 408 500 401 499 401 510 420 498 417 491 410 
441 374 469 357 492 356 507 366 517 375 516 350 533 376 523 383 514 380 514 365 531 393 515 397 507 392 508 383 524 408 508 408 500 401 500 400 510 419 498 417 492 410 
440 374 469 357 492 358 507 367 517 377 517 350 534 377 523 384 515 381 514 365 532 394 516 397 507 392 508 383 524 408 508 407 500 401 500 400 510 419 498 416 491 409 
439 375 468 358 491 358 507 368 517 378 516 350 534 377 523 383 514 380 514 366 531 393 515 397 506 392 508 383 524 407 508 407 499 400 500 400 510 419 498 416 491 409 
438 373 467 357 490 356 506 366 515 376 515 349 533 377 522 383 513 380 514 364 531 393 516 397 507 392 508 381 525 407 509 407 500 401 500 399 510 419 498 416 491 409 
437 373 467 357 490 357 505 367 514 377 515 349 532 376 521 382 512 380 514 364 531 392 516 396 506 392 508 382 525 406 509 407 500 401 500 400 510 419 498 416 492 408 
436 374 466 358 489 358 505 368 514 379 514 350 531 376 520 384 511 382 513 365 531 391 516 397 506 393 508 383 525 406 508 406 499 401 501 400 511 418 499 416 492 409 
435 374 464 357 487 357 503 366 513 376 513 349 529 373 519 382 509 382 513 365 530 390 515 397 506 394 508 383 524 405 508 406 500 401 501 401 510 419 499 416 493 409 
434 373 464 358 486 358 501 368 512 377 512 349 527 371 517 380 507 380 512 364 530 389 515 395 505 393 507 382 523 404 508 405 499 400 501 400 510 417 498 415 492 408 
434 373 463 357 485 357 501 366 511 375 512 348 526 370 516 379 506 379 513 363 529 388 514 395 504 392 508 381 522 404 507 405 499 400 502 398 509 417 497 414 492 407 
433 374 462 358 485 357 501 364 514 372 512 347 525 371 514 379 505 378 512 362 526 388 511 394 502 391 509 379 520 403 504 404 496 398 503 396 508 417 496 413 491 405 
434 373 464 358 486 357 502 364 513 372 511 346 525 368 514 377 505 376 511 361 526 386 511 392 501 389 507 379 520 402 504 403 496 397 502 396 508 416 496 413 490 405 
434 373 462 357 486 355 505 361 518 368 509 346 524 369 513 377 504 375 510 360 524 386 509 392 501 388 506 377 517 402 502 403 494 397 501 394 506 415 494 412 488 404 
433 373 462 358 486 356 505 361 519 366 509 347 524 371 512 378 503 375 509 360 523 388 508 393 499 389 505 377 516 403 500 403 493 396 501 393 505 415 493 412 487 403 
433 373 462 359 486 357 504 362 518 368 509 348 523 373 512 379 503 376 510 361 522 389 507 394 499 389 506 377 515 403 499 403 492 396 501 392 504 415 491 411 486 403 
433 373 462 358 485 356 503 362 515 369 510 348 524 374 512 380 503 377 510 362 522 390 507 394 499 389 506 378 515 404 499 404 492 397 500 394 504 415 491 412 486 404 
433 374 463 358 486 357 503 363 516 370 510 350 523 374 512 380 503 377 510 363 521 390 506 394 498 390 506 380 514 404 499 404 492 397 500 396 503 416 491 413 485 405 
433 374 462 359 486 358 504 364 517 371 510 350 523 374 511 380 503 377 510 363 521 390 506 395 498 391 506 380 514 405 498 404 491 398 501 396 503 417 490 413 485 405 
433 374 461 359 484 357 501 364 512 372 509 349 522 373 510 380 502 377 510 363 521 390 506 395 498 391 506 380 514 405 498 405 491 398 501 396 503 417 490 414 485 406 
434 374 461 358 485 357 502 363 513 371 510 350 522 376 510 381 502 377 511 364 521 393 506 396 498 390 506 380 514 407 499 407 492 399 500 396 502 419 490 415 485 406 
434 375 463 359 485 358 503 365 514 372 511 352 523 377 511 383 502 380 511 366 521 393 505 397 497 392 505 382 513 408 497 407 490 400 499 399 501 419 489 416 483 408 
434 375 462 358 485 357 503 364 514 371 511 351 523 378 510 384 502 380 510 365 520 395 505 398 498 393 505 382 512 409 497 408 491 401 499 398 501 420 489 417 483 409 
434 375 462 360 485 360 502 366 514 374 509 352 522 377 511 384 502 381 509 365 520 394 505 399 497 394 505 382 512 409 497 409 490 402 499 398 501 420 488 417 483 409 
435 375 462 359 485 358 502 365 511 373 510 352 523 378 511 384 502 380 510 366 521 395 506 399 498 393 505 383 513 410 497 409 490 402 498 399 501 421 488 418 483 410 
434 376 463 359 486 358 503 366 514 374 510 354 522 379 510 385 501 381 509 368 519 396 505 399 497 394 504 385 511 410 496 410 490 403 497 402 500 422 488 419 483 411 
434 377 462 361 485 360 504 367 516 375 509 354 521 380 509 386 501 382 509 368 519 397 504 401 496 396 504 385 511 411 496 411 489 404 498 401 500 423 488 420 482 412 
434 377 461 360 485 359 503 366 513 374 510 354 522 382 510 387 501 382 510 368 520 398 505 401 497 396 505 385 511 413 496 412 489 405 498 402 499 424 487 421 482 412 
434 377 461 360 485 359 504 366 515 373 510 355 521 383 509 388 501 383 509 369 518 399 504 402 496 397 504 386 510 413 496 413 489 406 497 402 498 424 487 421 482 413 
434 378 461 361 484 360 502 367 512 374 509 355 522 382 509 388 501 383 509 369 519 399 504 402 496 397 504 386 511 414 496 413 489 406 497 402 499 424 487 421 482 413 
433 378 461 361 484 360 503 367 515 374 509 355 521 382 509 388 500 384 509 369 518 399 504 403 496 397 503 386 511 413 496 413 489 406 497 402 499 424 487 421 482 413 
435 379 462 362 485 361 504 368 516 376 509 357 521 382 509 387 501 384 509 371 519 399 504 402 496 397 503 388 511 413 496 412 489 405 497 404 499 424 487 421 482 413 
434 378 461 361 484 361 502 368 513 375 510 354 521 381 509 386 500 382 510 369 518 398 504 402 496 397 504 386 510 413 495 413 489 406 497 403 498 425 486 421 481 413 
436 378 462 361 485 360 502 368 513 375 509 355 521 380 509 385 501 382 510 369 519 398 505 401 497 396 505 386 511 413 497 412 490 405 498 403 499 425 487 421 482 412 
436 377 462 361 485 360 504 367 515 374 509 354 521 381 509 386 501 382 510 368 519 399 505 402 497 396 504 385 511 413 497 413 490 405 498 402 499 425 487 421 482 412 
436 377 462 361 485 360 503 368 515 375 509 354 521 381 509 386 501 382 509 367 519 398 505 401 497 396 504 384 511 413 496 413 490 405 498 401 499 425 487 421 482 412 
437 377 463 362 486 361 503 369 515 376 509 355 521 380 509 386 501 383 509 369 519 397 504 401 496 396 504 386 511 412 496 412 490 404 498 402 499 424 487 420 482 411 
437 378 463 361 486 361 506 369 519 376 510 356 520 381 509 386 501 382 510 369 518 398 504 402 496 396 504 386 511 413 496 412 490 405 498 403 499 425 487 421 482 412 
438 378 464 363 486 362 504 370 515 378 510 355 521 381 510 386 502 383 510 369 519 398 504 402 497 396 504 386 511 413 496 412 490 405 498 402 499 424 487 421 482 411 
438 377 463 360 486 359 504 367 514 375 511 355 522 382 510 387 502 382 511 369 520 399 505 402 497 396 505 385 512 414 497 413 491 406 497 402 499 425 487 422 482 412 
438 378 466 364 489 364 506 371 519 379 511 358 522 383 511 388 503 385 509 371 519 399 504 403 496 398 504 387 510 413 495 412 489 405 497 403 498 424 486 420 481 411 
438 378 465 363 487 364 504 372 516 379 511 356 522 382 510 388 503 384 510 370 519 399 504 402 497 397 504 387 510 413 495 412 490 404 498 403 498 424 486 419 482 410 
438 377 465 363 487 363 504 371 515 379 511 355 522 380 511 386 503 383 511 369 520 397 505 401 498 396 506 386 512 413 497 411 491 404 499 402 499 424 487 419 483 410 
439 377 466 364 488 364 504 373 516 381 512 356 523 381 511 387 503 384 510 370 521 397 505 401 498 397 505 387 512 413 496 411 491 403 499 404 498 424 486 418 483 409 
439 378 465 363 487 364 503 372 512 381 511 355 523 380 512 387 504 384 511 369 522 397 506 401 499 396 505 386 513 412 497 410 492 403 499 403 499 423 487 418 484 410 
439 377 466 363 488 364 504 372 515 381 512 356 524 381 512 387 504 384 511 369 523 397 507 401 499 397 505 386 513 412 497 411 491 403 499 402 500 423 488 418 484 409 
439 378 465 363 488 363 504 371 514 379 513 356 525 384 513 389 505 385 512 370 524 399 508 402 500 397 507 386 515 413 499 411 493 404 499 401 502 423 489 418 485 410 
439 377 465 362 487 362 504 369 513 378 512 356 526 383 514 388 506 385 512 369 526 399 510 402 502 397 506 385 518 413 502 412 495 404 499 401 504 423 491 419 487 410 
438 378 465 365 487 365 503 373 512 382 512 357 525 385 513 390 505 387 511 370 525 400 508 403 500 398 507 386 517 414 500 411 493 404 500 401 504 423 491 419 486 409 
438 379 466 366 488 366 503 374 512 382 512 359 526 386 515 391 507 388 511 372 525 401 508 404 500 399 506 388 517 414 500 411 493 404 499 403 504 424 491 419 486 410 
438 379 466 367 487 368 502 378 512 387 512 359 526 387 514 392 506 389 511 372 526 401 509 404 501 399 506 387 519 414 501 411 494 404 500 402 506 424 492 419 487 410 
439 379 464 365 486 365 502 373 511 382 512 358 527 385 516 392 507 389 512 370 528 400 512 404 502 400 507 386 521 414 503 413 495 406 500 401 507 424 493 421 487 412 
440 378 465 364 487 363 503 371 511 380 513 357 528 386 516 392 507 388 513 370 529 401 512 405 503 400 507 386 522 414 503 414 495 407 500 401 507 425 493 422 486 413 
441 379 467 366 489 366 503 375 513 384 514 360 528 387 517 394 508 391 512 373 529 401 512 406 503 401 507 389 521 415 503 414 494 406 500 404 506 425 492 422 486 413 
442 380 467 366 489 365 503 373 512 381 513 359 529 385 518 392 509 391 512 372 530 400 514 406 504 402 507 388 523 415 505 415 496 409 500 404 509 426 495 423 487 415 
443 380 468 367 490 366 503 374 513 383 513 361 529 386 519 394 510 392 512 374 530 401 514 407 505 404 507 390 523 415 505 415 496 408 501 405 510 426 496 423 488 415 
443 380 468 366 490 366 504 374 513 383 513 361 530 385 520 394 511 393 511 374 531 400 515 407 506 404 506 390 525 414 507 416 497 410 500 405 512 425 498 423 490 416 
444 379 468 366 489 365 503 373 512 382 513 360 530 385 521 394 512 394 512 373 532 399 517 407 507 405 507 388 526 413 509 416 498 411 501 404 512 424 499 424 491 417 
444 379 469 365 490 364 504 372 513 381 513 360 530 385 521 394 512 393 512 373 532 400 517 407 507 404 508 388 526 414 509 416 499 410 502 404 512 425 499 423 491 416 
444 379 469 366 490 366 503 375 512 385 513 360 530 384 522 394 513 395 511 374 532 398 518 406 509 405 507 389 527 412 511 415 500 411 501 405 514 423 502 423 493 417 
445 379 470 364 491 363 505 372 513 381 514 360 532 384 523 393 513 393 512 373 533 399 518 406 509 404 507 388 527 412 511 415 501 410 501 404 514 423 501 422 493 416 
445 378 471 366 491 366 505 375 514 384 514 361 531 385 522 394 514 394 512 374 533 399 517 406 508 404 508 389 527 412 510 413 500 408 502 405 514 423 501 421 493 414 
445 379 471 366 492 366 506 375 515 385 515 361 532 386 524 395 516 394 513 374 533 399 518 406 509 403 508 390 527 412 510 413 500 408 502 405 515 423 503 421 494 414 
445 379 471 365 493 365 507 373 516 383 516 360 533 386 524 394 516 392 513 373 532 400 517 405 508 401 507 388 526 412 509 412 500 406 501 403 513 423 501 420 492 412 
445 378 471 365 492 365 507 373 516 382 516 360 533 387 524 394 516 392 513 373 533 400 517 405 508 401 508 388 526 412 509 412 500 405 501 402 513 422 500 419 493 412 
444 378 470 364 493 363 507 372 516 382 515 358 533 385 525 393 516 392 512 371 533 398 518 404 509 401 507 387 527 411 511 411 501 405 500 402 514 421 502 419 494 412 
444 377 470 364 491 364 505 372 514 382 515 358 532 384 522 392 513 391 513 371 533 398 517 404 507 401 508 386 527 411 509 412 499 406 502 401 514 421 501 419 492 412 
444 377 469 364 491 363 505 371 514 381 515 358 532 384 523 392 514 391 513 371 533 397 518 404 508 401 508 386 527 410 510 411 500 406 502 401 515 421 502 419 493 412 
445 377 470 363 492 362 506 370 514 380 515 358 533 384 524 393 514 392 513 371 534 397 519 404 509 402 508 386 528 410 511 412 500 407 501 401 515 420 502 419 493 413 
446 377 471 363 493 363 506 371 515 381 515 357 532 382 523 391 514 391 513 370 533 396 518 404 508 402 508 385 528 410 510 412 500 406 502 401 514 420 501 419 492 412 
446 375 470 362 492 361 506 370 514 379 515 356 532 382 523 391 514 390 513 369 533 396 518 403 509 400 508 384 528 409 511 411 501 406 501 400 514 420 501 419 493 413 
446 376 471 362 492 361 506 370 514 380 515 357 532 383 523 391 513 390 514 370 533 396 518 403 508 400 509 385 527 410 510 411 499 406 503 401 514 421 501 419 492 413 
446 376 470 363 492 362 506 371 514 380 515 357 532 383 522 391 513 390 514 370 533 397 517 403 508 400 509 385 527 410 509 412 499 406 503 400 513 421 500 419 492 412 
446 376 470 363 491 362 505 371 513 381 514 356 531 381 522 390 513 390 512 369 533 395 518 403 508 401 508 384 527 409 510 412 499 407 502 400 515 421 501 420 492 413 
446 376 470 362 491 361 505 370 514 379 514 357 531 383 522 391 513 390 513 370 532 397 517 404 507 401 509 385 527 410 508 412 498 407 502 401 514 421 500 420 491 413 
446 376 470 363 491 363 505 371 513 381 514 358 531 383 522 392 513 391 513 370 532 397 517 404 507 401 508 386 526 410 508 412 498 406 502 401 513 421 500 419 491 413 
446 377 471 364 492 364 506 372 514 382 514 359 531 384 522 393 513 392 513 372 532 398 516 404 507 402 508 387 526 411 508 412 498 406 502 402 513 421 500 419 491 413 
446 377 470 363 492 362 506 371 513 381 515 358 531 384 521 392 513 391 513 371 532 398 517 404 507 402 508 386 526 411 508 413 499 407 501 402 513 422 500 420 491 414 
446 377 470 364 492 364 505 373 514 382 514 359 530 384 521 392 512 391 513 371 532 398 516 405 507 402 508 386 525 412 507 413 497 407 502 402 512 423 498 421 490 413 
446 377 470 365 491 365 504 373 512 383 513 359 530 383 522 393 513 393 512 371 531 397 516 405 507 403 507 386 526 411 508 413 497 409 502 402 513 422 500 421 491 415 
446 378 471 365 492 365 505 374 513 384 513 360 529 384 520 393 512 392 512 373 531 398 516 405 506 403 508 388 525 411 507 413 497 408 502 404 513 423 499 421 491 415 
446 378 470 365 491 365 505 373 513 383 513 359 530 384 521 393 512 392 512 372 531 399 516 406 506 404 507 387 525 412 507 414 497 409 501 402 512 423 499 422 490 415 
446 378 471 366 491 366 505 375 513 385 513 360 529 385 520 393 512 392 512 373 531 399 515 406 506 404 507 388 524 413 506 415 496 409 502 404 512 424 497 422 489 415 
446 378 470 366 491 365 505 374 513 384 514 359 530 385 521 394 513 394 512 372 531 399 515 406 506 404 507 387 524 413 507 415 497 409 501 402 512 423 499 422 490 415 
445 377 470 366 490 366 504 375 512 385 513 360 529 385 520 393 511 393 512 372 530 399 515 406 505 404 507 387 524 413 506 414 496 409 502 403 512 423 498 422 489 415 
446 378 470 365 491 365 504 374 512 383 514 359 530 385 521 395 513 394 511 372 531 399 515 406 506 404 506 387 524 413 507 414 497 409 500 403 512 423 498 422 490 415 
446 377 470 365 491 365 504 374 512 383 513 359 529 384 520 393 511 392 512 372 531 399 515 406 506 404 507 387 525 413 507 415 497 409 501 403 512 423 499 422 490 415 
446 377 470 364 491 364 504 373 512 383 513 359 530 384 521 393 512 393 512 372 531 398 516 406 507 404 507 387 525 412 508 415 498 410 500 403 512 423 499 422 490 416 
446 378 469 364 491 363 505 372 513 381 513 358 529 384 521 393 512 392 512 371 531 398 516 406 507 404 507 386 526 412 508 415 498 410 501 403 513 423 500 422 491 416 
446 377 469 364 490 364 504 373 512 382 513 359 529 384 520 393 512 393 512 371 531 398 516 406 506 404 508 386 525 412 507 415 497 410 501 402 513 423 499 423 490 416 
445 378 470 365 491 365 504 373 513 382 513 360 529 385 521 394 512 394 511 373 531 399 515 406 506 404 507 388 525 413 507 414 497 409 501 404 512 423 499 422 490 415 
445 378 470 366 491 366 504 374 513 383 513 360 530 385 522 395 513 395 511 373 531 398 516 406 507 405 506 388 525 412 508 414 498 410 501 403 513 422 500 421 491 415 
445 378 470 366 491 366 504 374 513 384 513 361 530 385 521 394 513 393 511 374 531 399 516 406 507 404 506 389 525 412 508 414 498 409 501 404 513 423 500 421 491 415 
445 378 469 365 490 365 504 373 512 383 513 360 529 385 521 394 512 394 512 373 531 399 516 406 506 404 507 388 525 413 507 414 498 409 501 403 512 423 499 421 491 414 
444 378 469 365 490 365 504 374 512 383 513 359 529 385 521 394 512 394 511 372 531 398 516 406 506 403 507 387 525 412 508 414 498 409 501 402 513 422 500 421 491 415 
444 377 469 363 490 362 504 371 511 381 512 358 529 383 520 392 511 392 512 371 531 397 517 405 508 403 507 386 526 411 510 414 500 409 501 402 513 422 500 422 492 415 
444 377 468 363 489 363 503 371 511 380 512 358 528 383 519 391 510 391 512 370 531 398 516 405 506 403 508 386 526 412 508 414 498 409 502 402 512 423 499 422 490 415 
444 377 468 363 489 363 503 372 511 381 512 358 528 383 519 392 509 392 512 370 531 397 516 405 506 403 508 386 526 412 508 414 498 410 502 402 513 423 500 422 491 415 
444 377 469 364 490 364 504 373 512 383 512 358 529 384 520 392 511 392 512 371 531 398 516 406 506 404 507 387 525 412 508 414 498 409 501 403 512 423 499 422 490 415 
444 379 469 365 490 365 503 373 512 383 512 360 528 384 519 393 511 393 511 373 531 398 516 406 506 405 507 388 525 413 507 415 497 410 502 404 513 424 499 422 491 415 
443 377 468 365 489 366 502 374 511 384 512 359 528 384 520 394 511 393 511 372 531 399 516 406 506 404 507 387 525 413 508 414 499 409 501 403 513 423 499 422 491 415 
443 378 468 364 489 364 503 373 512 383 513 359 529 384 520 393 511 393 512 372 531 399 517 406 507 405 507 387 526 413 509 415 499 410 501 403 513 424 500 423 491 416 
444 378 469 364 490 363 504 371 512 381 513 359 529 384 520 392 510 392 512 372 532 399 517 406 507 404 508 387 527 413 510 415 500 410 501 403 513 424 500 423 492 416 
444 378 468 364 490 363 504 371 512 380 513 359 529 385 519 394 510 393 512 372 532 400 517 408 507 405 507 387 526 414 509 416 499 411 501 403 512 425 499 424 490 416 
443 379 468 364 489 364 504 372 511 382 512 359 528 385 519 393 510 393 512 372 531 400 516 407 506 405 508 388 526 414 508 416 498 411 502 404 512 425 499 424 491 417 
443 379 468 365 490 364 504 372 512 381 513 360 529 386 519 394 510 393 512 373 531 401 516 408 506 406 508 388 525 415 507 417 498 411 501 404 512 426 498 424 490 417 
443 379 468 366 489 366 502 375 511 384 512 360 528 385 519 394 510 394 511 373 531 400 516 408 506 406 507 389 526 414 508 416 498 412 501 405 513 425 499 424 491 418 
444 380 468 366 490 365 504 374 512 384 512 360 529 385 520 394 511 394 512 373 531 400 516 408 506 406 507 389 526 414 508 416 498 412 501 405 512 425 499 424 491 418 
443 378 468 366 489 367 503 376 511 385 512 361 528 386 519 395 510 394 511 374 531 401 515 408 506 406 507 389 525 415 507 416 497 411 501 405 512 426 498 424 490 416 
443 379 468 365 490 365 504 373 512 383 513 361 529 386 520 394 511 394 512 374 531 401 517 408 507 405 507 389 526 414 509 416 499 411 500 405 513 425 500 424 492 417 
443 379 468 366 490 366 503 374 512 383 512 361 528 385 519 394 510 394 511 374 531 400 516 407 507 406 506 389 526 414 508 416 499 411 501 405 513 425 500 424 491 417 
444 379 468 366 490 365 503 374 511 383 513 360 529 386 520 394 511 394 512 373 532 400 517 407 507 406 507 389 526 414 509 416 499 411 501 405 513 425 500 423 491 417 
444 379 468 365 490 364 504 373 512 383 513 359 529 385 520 393 511 393 512 372 532 400 517 407 507 405 507 388 527 414 510 416 499 411 501 404 513 425 500 424 491 417 
444 379 469 364 490 363 504 371 512 380 514 360 530 386 520 394 510 393 513 372 532 401 517 408 507 405 509 388 526 415 509 417 499 411 502 404 513 426 499 424 491 417 
445 380 469 365 491 364 505 373 513 382 514 360 530 385 521 394 512 393 513 373 532 400 518 407 508 405 508 389 527 414 510 416 500 411 501 405 514 425 501 424 493 417 
445 380 469 366 490 365 504 373 513 383 513 360 529 384 520 394 511 394 513 373 532 399 518 408 508 406 509 389 527 414 510 417 499 413 503 405 514 425 501 425 492 419 
445 381 470 366 491 365 505 374 513 383 514 361 530 385 520 394 511 393 513 374 533 401 517 408 508 406 509 390 527 415 510 417 500 411 503 407 515 427 501 425 492 418 
446 381 470 366 491 366 505 374 513 383 514 361 530 386 521 394 512 394 514 375 533 401 519 408 509 406 509 391 528 415 511 417 501 413 503 407 515 427 502 426 494 419 
446 382 471 367 492 367 506 375 514 384 515 362 531 386 521 394 512 394 514 375 534 401 519 408 509 407 510 391 529 415 511 417 501 413 505 407 516 427 503 426 494 419 
447 382 472 366 493 365 508 373 516 382 516 361 533 386 524 394 514 394 516 374 536 401 521 408 512 406 511 390 530 415 514 417 504 413 505 407 518 426 505 426 497 419 
451 380 476 365 498 366 513 376 521 386 521 359 539 385 529 393 519 392 521 371 541 399 526 406 517 403 517 386 536 413 520 416 510 412 511 403 525 425 512 425 504 418 
455 377 481 364 504 366 520 376 529 386 526 357 545 385 535 392 524 389 526 368 546 398 532 404 522 400 522 383 542 412 526 414 515 409 516 399 531 423 518 423 510 415 
461 375 488 362 512 364 530 375 539 387 533 354 553 380 543 388 532 388 535 365 554 394 540 401 530 399 532 380 550 408 534 411 524 407 527 397 540 421 527 421 518 414 
468 373 495 363 520 366 538 376 549 387 540 352 562 379 553 391 542 393 543 362 564 391 552 401 541 400 542 376 562 404 547 409 536 407 538 391 553 415 541 416 530 411 
476 370 506 358 531 360 549 371 562 381 551 347 574 370 571 384 563 390 553 358 575 384 568 396 559 397 551 374 572 399 561 407 549 407 546 391 564 411 555 415 544 412 
484 365 517 354 545 358 566 370 580 380 564 343 588 370 585 385 577 390 566 355 589 383 582 395 574 397 563 371 587 396 577 405 566 406 559 390 580 408 572 412 561 411 
495 363 529 352 557 355 578 364 593 375 574 343 602 364 608 380 607 389 573 355 602 377 607 392 605 398 569 370 598 390 602 402 598 407 563 388 590 402 595 410 592 413 
506 361 542 349 570 350 592 358 607 366 586 341 617 360 626 377 630 388 584 352 617 372 627 387 630 397 579 368 613 385 622 398 622 406 572 386 602 397 612 405 613 409 
-1 -1 -1 -1 -1 -1 -1 -1 -1 -1 -1 -1 -1 -1 -1 -1 -1 -1 -1 -1 -1 -1 -1 -1 -1 -1 -1 -1 -1 -1 -1 -1 -1 -1 -1 -1 -1 -1 -1 -1 -1 -1 
615 375 635 359 654 359 669 366 681 375 667 358 692 367 699 377 699 383 665 372 693 380 700 390 701 395 663 386 689 392 695 398 695 401 660 400 681 405 688 406 690 407 
618 368 636 394 656 400 674 398 686 394 669 391 695 396 710 399 721 403 670 375 699 377 716 381 727 384 668 360 695 361 710 364 720 370 664 349 685 350 696 354 703 361 
622 367 647 363 669 362 688 365 701 368 677 360 702 366 718 371 728 375 674 366 702 370 719 376 729 380 670 374 698 376 712 380 721 382 665 383 688 386 700 388 707 390 
624 364 650 368 670 370 687 371 702 370 674 372 698 373 712 374 723 375 672 374 698 374 713 374 725 375 670 375 694 376 708 376 718 376 667 376 686 379 697 378 705 377 
-1 -1 -1 -1 -1 -1 -1 -1 -1 -1 -1 -1 -1 -1 -1 -1 -1 -1 -1 -1 -1 -1 -1 -1 -1 -1 -1 -1 -1 -1 -1 -1 -1 -1 -1 -1 -1 -1 -1 -1 -1 -1 
-1 -1 -1 -1 -1 -1 -1 -1 -1 -1 -1 -1 -1 -1 -1 -1 -1 -1 -1 -1 -1 -1 -1 -1 -1 -1 -1 -1 -1 -1 -1 -1 -1 -1 -1 -1 -1 -1 -1 -1 -1 -1 
-1 -1 -1 -1 -1 -1 -1 -1 -1 -1 -1 -1 -1 -1 -1 -1 -1 -1 -1 -1 -1 -1 -1 -1 -1 -1 -1 -1 -1 -1 -1 -1 -1 -1 -1 -1 -1 -1 -1 -1 -1 -1 
