257 450 282 459 294 480 297 503 295 521 277 478 291 514 295 522 295 523 258 481 272 518 280 517 280 511 244 484 257 517 266 513 267 506 235 487 246 510 254 508 257 502 
254 445 283 454 297 475 300 498 302 516 278 475 293 512 297 514 295 511 258 479 274 517 278 513 276 505 242 483 256 515 263 510 261 502 230 487 243 510 250 506 251 498 
249 442 280 449 296 471 301 494 305 513 278 476 293 511 298 517 298 519 257 482 273 516 279 514 279 509 240 486 255 514 262 510 264 504 226 489 240 510 248 506 250 499 
249 442 281 451 298 473 303 497 305 516 281 480 295 513 300 516 300 516 259 485 275 517 281 516 281 510 241 489 256 516 264 512 266 505 227 492 241 511 249 507 251 500 
250 443 283 454 300 476 305 500 305 518 280 484 297 515 301 514 299 511 258 489 277 520 282 516 280 508 241 492 258 519 265 513 264 504 227 495 243 514 250 509 251 500 
245 450 279 460 298 485 306 511 312 530 276 502 295 526 301 522 299 518 256 509 276 532 284 526 282 519 238 511 258 531 265 524 265 516 225 511 242 527 249 521 249 513 
245 452 280 463 299 486 307 513 308 532 277 503 298 531 302 521 296 511 255 510 280 536 285 526 279 515 238 512 260 534 266 524 261 514 225 513 245 529 251 521 247 512 
245 452 280 464 299 488 308 516 309 535 275 504 298 534 304 526 301 517 254 511 280 538 286 528 281 516 237 513 261 536 267 526 264 515 224 513 246 529 252 521 249 512 
243 452 278 463 297 486 305 513 310 532 276 506 298 534 303 527 300 520 254 512 280 539 286 528 281 516 237 514 262 536 267 525 263 514 224 514 247 530 252 521 249 512 
243 451 279 464 297 488 305 515 310 534 275 505 297 535 304 528 300 521 254 512 280 539 286 528 280 516 237 514 262 536 267 525 262 514 224 515 246 530 252 522 248 512 
241 451 278 463 297 488 304 517 307 538 274 506 297 535 302 525 297 515 252 513 279 540 284 528 278 516 235 514 260 537 266 525 261 514 222 514 245 531 251 522 246 512 
241 450 278 464 297 489 304 518 307 538 273 507 296 536 302 526 298 516 252 513 278 540 284 529 279 516 235 515 260 537 265 526 260 515 222 515 244 531 250 522 246 512 
241 450 277 464 296 489 304 516 308 536 274 507 296 537 302 529 298 521 252 513 278 541 284 529 279 517 235 515 260 538 265 526 261 515 222 515 244 532 250 523 246 513 
240 449 276 464 295 488 303 515 307 535 274 507 296 537 303 530 300 523 253 513 277 541 284 529 279 518 236 515 259 537 265 526 261 515 223 515 244 531 250 523 247 513 
240 449 277 465 296 491 304 518 306 538 272 508 295 538 301 528 298 519 251 514 277 541 283 530 278 518 235 515 259 538 265 526 260 516 222 515 243 531 250 523 246 514 
240 449 277 465 296 490 303 517 306 537 274 508 297 538 302 528 298 519 253 514 278 541 284 529 279 517 236 515 260 537 265 526 260 515 223 515 244 532 250 523 246 513 
240 449 278 464 296 489 304 517 306 537 273 508 296 537 301 527 298 518 252 514 278 541 284 529 279 517 235 515 260 537 265 526 260 515 222 515 244 531 250 523 246 513 
240 449 279 466 298 491 305 518 306 538 275 509 298 537 302 526 297 515 254 514 279 541 284 528 279 517 237 515 261 537 266 525 261 514 224 515 244 531 250 522 246 512 
240 447 278 463 298 488 306 516 308 536 275 506 297 536 302 526 298 516 253 513 279 541 285 529 279 517 236 514 260 537 266 526 261 514 223 514 245 531 251 522 247 512 
241 447 279 463 298 489 306 516 308 536 276 507 298 536 303 527 299 518 254 513 279 540 285 528 280 516 237 514 261 537 266 525 262 514 224 514 245 530 251 521 247 512 
241 446 279 463 298 488 306 516 308 536 274 506 297 536 303 527 299 518 253 513 279 540 285 528 280 516 236 514 261 536 267 525 262 514 223 513 245 530 252 521 248 512 
241 446 279 462 298 488 306 515 309 535 276 507 298 536 304 528 300 520 255 513 279 539 285 528 280 516 238 514 261 535 266 524 262 513 224 513 245 529 251 521 248 511 
240 446 278 463 298 489 306 516 308 536 275 505 296 537 303 529 300 520 254 511 277 540 284 529 279 517 237 512 260 535 266 524 261 514 223 512 243 529 250 521 247 512 
240 445 278 463 297 488 305 515 307 536 274 505 296 536 301 526 298 516 253 510 277 539 283 528 278 516 236 512 259 535 265 524 260 513 223 512 244 529 250 521 246 511 
240 445 278 463 298 489 306 518 306 538 272 508 295 536 300 524 296 513 251 513 277 540 283 527 277 515 235 513 260 535 265 524 260 513 222 513 244 529 250 520 246 511 
239 445 277 462 296 488 304 516 306 536 274 506 296 536 302 525 298 515 252 511 278 539 284 527 279 515 236 512 260 535 265 524 260 513 223 512 244 529 250 520 246 510 
239 445 278 461 298 488 306 517 306 537 272 506 295 536 299 523 294 511 251 512 276 539 282 527 276 515 234 512 258 536 263 524 258 513 221 512 242 529 248 520 244 510 
239 445 277 462 296 489 304 516 306 536 273 506 295 536 300 524 296 513 252 511 276 539 282 527 277 515 235 512 258 535 264 523 259 512 222 512 242 529 248 520 244 510 
238 444 276 460 296 487 304 515 306 535 272 505 295 536 300 525 296 514 250 511 276 539 282 527 276 515 233 512 258 535 263 524 258 513 220 511 242 529 249 520 244 510 
239 444 278 462 297 488 304 516 305 536 272 505 295 536 299 522 294 511 251 511 276 539 281 526 276 514 234 512 258 535 263 523 258 512 221 512 242 529 248 520 243 509 
238 444 277 462 296 488 304 516 305 536 272 505 294 536 299 524 294 513 250 510 275 539 281 527 276 514 234 511 257 535 263 523 258 512 220 511 241 528 247 519 244 509 
238 444 276 461 296 488 304 516 304 537 271 504 293 535 299 524 295 513 250 510 274 539 281 527 276 515 233 511 257 535 262 523 258 513 220 510 240 528 247 520 244 510 
238 444 275 461 294 487 303 514 305 534 270 505 293 535 299 526 296 517 249 510 274 539 281 527 276 515 232 511 256 535 262 523 258 513 219 511 240 528 247 519 243 510 
237 444 275 462 294 488 301 516 303 536 270 505 292 535 297 524 293 514 249 510 273 538 279 526 275 514 232 511 256 534 261 522 257 512 219 511 240 528 246 519 242 509 
236 444 275 461 294 488 302 517 302 537 269 505 292 535 296 523 291 511 248 510 273 538 279 526 273 514 231 511 255 534 260 522 255 511 218 511 239 528 245 519 241 508 
236 444 275 462 294 488 302 517 302 537 269 505 292 535 296 522 291 511 247 510 273 538 278 526 273 514 231 511 255 534 260 522 255 511 218 511 239 528 245 519 241 508 
236 444 274 461 293 488 301 517 301 537 268 505 291 535 296 522 291 511 247 510 272 538 278 526 273 514 230 511 255 534 260 522 255 511 217 510 239 528 245 519 241 509 
235 443 273 459 292 486 300 515 302 535 268 503 291 534 296 523 292 513 246 509 272 537 278 525 273 513 230 510 254 534 259 522 255 510 217 510 238 528 244 519 240 508 
235 443 273 460 293 487 301 515 301 536 268 503 290 534 295 522 290 510 246 509 272 538 277 526 272 513 229 510 253 534 258 522 253 511 216 510 237 528 243 519 239 508 
235 443 273 460 293 486 301 516 300 536 268 502 290 534 294 521 289 509 246 508 271 537 277 526 271 513 229 510 253 534 258 522 253 511 215 509 237 527 243 519 239 508 
234 443 272 460 292 486 300 514 301 534 268 504 290 534 296 524 292 514 246 509 271 538 277 526 273 514 230 510 253 534 259 522 255 511 216 510 237 527 243 518 240 508 
235 443 273 461 292 488 300 517 300 537 267 504 289 534 294 521 290 509 245 509 271 538 277 526 272 513 229 510 253 534 259 522 254 511 215 509 237 527 244 518 240 508 
234 443 273 460 292 488 300 517 299 537 267 504 290 534 293 520 288 508 246 509 270 537 276 525 270 512 229 510 252 533 257 521 252 510 215 509 236 527 242 518 238 507 
234 442 272 460 291 486 299 514 300 535 267 503 289 534 295 523 291 513 245 509 270 537 277 526 272 514 228 510 252 534 258 522 254 511 215 509 236 527 243 518 239 508 
233 443 272 461 291 488 299 516 299 536 267 504 289 534 294 523 289 512 246 509 270 537 276 526 271 513 229 510 252 533 257 522 253 511 215 509 235 527 242 518 238 508 
233 443 271 460 290 486 297 514 301 534 267 504 289 534 295 525 291 516 246 509 270 538 277 526 272 515 229 510 252 534 258 522 254 512 215 509 235 527 242 519 239 509 
233 443 270 460 289 485 296 513 299 533 266 502 288 534 294 525 290 516 244 507 269 538 275 526 270 514 227 509 251 534 257 523 253 512 214 509 235 527 242 519 238 509 
233 443 270 459 288 485 296 512 299 532 266 502 288 534 295 526 291 517 244 508 269 537 276 526 271 514 228 509 251 534 257 522 253 511 214 510 236 527 242 519 239 509 
232 444 270 460 288 486 295 512 299 532 267 503 288 534 295 527 292 519 245 509 269 538 275 527 271 515 228 510 251 533 257 522 253 512 215 510 235 527 242 518 238 509 
231 443 270 461 287 486 294 512 298 532 266 503 287 534 293 525 289 516 245 508 268 537 274 526 270 515 229 509 250 533 256 522 252 512 215 510 234 527 241 519 238 510 
231 443 269 460 287 485 294 512 298 531 266 503 287 534 293 526 291 518 244 508 268 538 274 527 271 516 228 510 250 534 256 522 253 512 214 509 234 527 241 519 238 510 
231 442 269 459 287 485 295 513 299 533 265 503 287 534 293 525 290 516 243 509 268 538 275 526 270 514 226 510 250 534 256 522 252 512 213 509 234 527 241 519 237 509 
230 444 270 462 288 488 294 516 297 536 266 505 287 534 292 523 288 512 244 509 268 538 274 526 269 513 227 510 250 534 255 521 251 510 214 511 234 527 240 518 236 508 
231 444 269 462 287 488 293 515 297 536 265 503 286 534 293 526 290 518 244 509 267 538 274 527 269 515 227 510 249 533 255 522 251 511 213 510 233 527 240 518 237 509 
230 444 269 461 286 487 293 514 297 534 265 503 287 534 293 527 290 518 244 509 267 538 274 527 269 515 227 510 249 534 255 522 251 511 213 510 233 527 240 518 237 509 
230 444 269 462 286 488 293 514 297 535 265 503 286 535 293 527 290 519 244 508 267 539 273 527 269 516 227 510 249 534 255 523 251 512 213 510 232 528 239 520 236 511 
230 444 268 462 285 487 293 512 297 532 266 503 287 535 293 528 290 520 244 508 267 539 273 528 270 517 227 510 248 535 255 524 251 513 213 511 232 528 239 521 237 512 
230 445 268 461 287 485 296 511 296 530 265 502 286 535 293 529 291 519 244 508 266 541 274 531 271 520 227 510 248 537 256 527 254 516 213 511 231 530 240 523 239 515 
230 445 267 459 287 483 297 510 297 530 266 501 286 536 294 532 292 523 245 507 265 543 275 536 273 526 228 509 246 538 256 529 256 520 214 509 230 530 240 525 240 517 
229 445 267 460 286 483 295 508 296 529 267 501 285 538 292 531 289 519 245 507 263 544 273 538 272 529 229 509 246 540 256 532 257 523 215 510 231 532 241 528 241 521 
229 446 267 457 289 479 299 506 296 527 267 502 284 541 290 532 287 519 246 508 264 548 272 539 270 529 228 510 246 544 256 536 256 525 215 511 232 536 242 531 241 523 
229 445 266 455 287 477 295 502 294 523 268 501 283 541 291 541 290 533 246 508 262 548 273 547 275 540 229 511 245 545 257 543 260 536 217 511 232 536 243 538 247 534 
228 444 265 454 285 476 294 501 292 521 267 501 282 540 291 543 292 537 246 508 261 548 273 549 277 542 229 511 245 545 257 545 262 539 216 511 232 536 243 538 248 534 
228 444 266 457 285 481 289 506 285 524 273 500 288 539 291 537 287 527 250 506 266 547 275 547 275 540 232 509 248 545 258 543 260 535 219 510 234 537 245 538 249 533 
229 444 267 457 284 481 287 504 282 521 273 501 289 538 292 534 288 524 250 507 267 546 275 544 275 535 232 509 249 544 258 539 259 530 220 510 235 535 244 533 246 526 
230 443 268 460 283 483 284 506 278 521 274 500 289 536 291 533 286 522 251 506 267 544 275 543 275 536 233 508 249 542 258 539 258 530 221 509 235 533 245 532 247 526 
231 444 269 461 283 486 282 508 277 523 275 501 289 537 291 533 287 523 252 506 267 544 275 543 275 536 234 508 250 542 258 538 259 530 221 510 236 533 245 531 247 526 
231 445 269 461 283 485 283 507 277 521 276 501 289 536 291 533 288 523 253 506 268 544 275 542 275 535 235 509 250 542 258 539 258 530 222 510 236 534 245 533 247 527 
232 445 269 462 283 486 282 508 276 522 275 501 289 537 291 532 286 522 253 507 267 544 274 542 274 534 235 509 250 542 257 538 258 529 222 511 236 535 245 533 246 527 
232 445 269 462 284 486 283 508 277 522 275 501 289 536 291 532 287 522 252 506 268 543 275 542 275 535 234 508 250 542 257 538 258 529 222 510 235 534 244 532 246 526 
232 446 270 462 284 485 283 507 278 522 275 500 288 536 291 531 287 521 252 506 268 544 275 540 274 532 233 508 249 542 257 536 257 527 220 510 234 535 243 532 244 526 
231 445 269 461 284 484 283 506 277 520 273 499 288 535 291 530 287 519 250 505 267 543 274 538 273 529 232 508 248 542 256 535 255 525 219 510 233 535 242 531 243 525 
230 444 269 461 283 484 283 507 277 521 274 500 288 534 290 529 286 519 250 505 267 542 273 537 271 528 232 507 247 541 255 534 254 524 218 510 231 535 240 532 241 525 
230 444 269 462 283 485 282 507 276 521 272 499 286 534 289 528 285 517 249 504 265 541 272 536 271 527 230 507 246 540 254 533 253 523 217 510 231 535 240 531 240 524 
230 444 268 461 282 485 282 507 275 522 271 498 285 535 288 528 284 517 248 504 265 541 271 535 269 525 229 506 246 540 253 532 251 521 216 508 230 533 238 528 238 521 
230 443 267 461 282 483 282 506 275 520 271 497 285 534 287 529 283 520 248 503 264 541 270 536 268 526 229 506 245 539 252 532 250 522 215 508 228 533 237 529 238 521 
229 443 267 460 281 484 281 506 275 520 270 498 284 534 286 527 282 517 247 503 264 541 269 534 266 524 228 506 244 540 251 531 248 521 214 509 228 534 236 529 235 521 
229 442 267 460 281 483 280 507 273 521 269 497 283 534 286 527 281 516 245 502 263 540 268 533 265 523 226 505 243 539 250 530 247 519 212 506 226 532 235 526 234 518 
227 441 267 460 281 483 281 506 274 520 269 498 284 534 286 527 281 517 246 502 263 539 268 532 265 523 227 505 243 537 249 528 247 517 212 507 226 531 234 525 233 517 
228 440 266 458 282 481 282 504 273 518 269 496 283 533 286 526 281 515 245 501 263 539 267 531 264 521 226 504 243 537 249 528 246 517 211 505 226 530 234 524 233 515 
227 439 266 457 282 480 283 503 274 516 269 495 283 532 285 523 281 511 245 501 263 538 267 529 263 518 225 503 242 536 248 525 246 514 210 504 225 528 233 521 232 513 
227 438 266 456 283 479 284 502 274 514 268 495 282 532 285 521 280 509 244 500 262 537 266 527 262 515 224 502 241 534 247 524 244 512 209 502 224 526 232 519 230 510 
227 437 266 455 284 478 284 502 273 515 269 494 283 532 284 520 279 508 244 500 262 537 266 526 261 514 225 501 242 534 247 523 243 511 210 502 226 526 232 519 229 509 
227 436 266 454 284 477 284 500 274 512 267 494 282 532 284 521 279 509 243 499 262 536 266 526 261 514 224 501 242 533 247 522 243 511 209 502 225 525 232 518 230 509 
226 435 264 451 283 474 286 498 275 510 267 494 282 531 284 520 278 508 243 500 262 536 265 525 260 513 224 501 242 534 246 523 242 511 208 501 225 525 232 518 229 508 
227 435 265 452 284 476 285 500 274 512 267 495 282 532 283 519 278 507 243 501 262 536 265 525 259 513 224 502 242 534 247 523 242 511 209 502 226 527 232 519 229 509 
226 435 265 453 283 476 284 500 273 513 266 494 281 532 283 520 278 508 242 500 261 537 265 525 259 513 223 501 241 534 246 522 241 510 208 502 225 526 231 518 228 509 
226 435 265 452 283 476 285 500 274 512 266 495 281 532 283 520 278 508 242 501 261 537 265 525 259 513 223 502 241 534 246 523 241 511 208 502 225 526 231 519 228 509 
227 435 264 452 283 476 284 500 272 512 266 495 280 532 282 521 277 508 242 500 261 537 263 525 258 513 223 502 241 534 245 523 240 510 208 501 225 526 230 519 227 508 
227 435 264 452 283 477 283 501 272 512 266 495 280 533 281 520 276 507 242 500 260 537 263 526 257 513 222 501 240 535 244 523 239 511 207 501 225 526 230 519 227 509 
226 435 264 452 283 476 283 500 271 511 265 495 280 533 281 520 276 507 241 501 260 537 263 526 257 513 222 502 240 535 244 523 239 511 207 501 224 526 230 519 226 509 
226 435 264 452 283 476 283 500 271 510 265 495 280 533 281 520 276 507 241 501 260 537 263 525 257 513 222 502 240 534 244 523 239 510 207 501 224 526 230 518 226 508 
226 435 263 451 283 475 284 499 272 510 264 494 280 533 281 521 276 508 240 500 260 537 263 526 257 513 221 501 240 535 244 524 239 511 206 501 224 526 230 519 226 509 
226 436 263 452 282 476 283 500 272 512 265 496 279 533 281 521 276 508 242 502 260 538 263 527 257 514 222 503 240 535 244 524 239 512 207 503 224 527 230 520 227 510 
225 436 263 454 281 477 283 501 272 513 265 496 279 534 281 523 276 510 241 502 259 538 262 527 258 515 222 503 239 535 244 524 240 513 207 503 223 527 230 520 227 510 
225 436 263 453 281 477 282 501 272 513 264 496 278 534 281 522 276 509 240 502 259 539 262 527 257 515 221 503 239 535 244 524 240 512 207 502 223 527 230 520 226 510 
225 436 263 453 281 478 282 502 271 514 264 497 278 534 281 522 276 509 240 502 258 539 263 527 258 515 221 504 239 536 244 524 240 512 207 503 224 528 230 520 227 510 
225 435 263 453 281 478 281 502 270 515 265 496 279 534 280 521 275 508 241 501 259 538 262 527 257 514 222 503 239 535 244 524 239 512 207 503 224 527 230 520 227 509 
224 435 263 453 281 478 281 501 271 513 265 496 279 533 282 521 277 509 241 501 259 538 263 527 258 515 222 503 240 535 245 524 241 512 208 504 224 528 231 520 228 510 
223 435 263 454 280 477 282 500 272 513 265 497 280 533 282 522 277 510 242 502 259 538 264 527 259 516 223 503 240 535 246 524 242 512 208 504 224 527 231 520 229 511 
223 435 263 454 281 477 282 501 272 513 265 496 279 533 282 522 277 510 242 501 259 538 263 526 259 515 223 502 240 535 245 524 242 512 208 503 224 527 231 520 228 510 
223 434 262 452 281 476 282 500 272 512 264 496 279 533 281 522 276 509 241 501 259 538 263 526 258 514 222 503 240 535 245 524 241 512 207 503 224 527 230 519 228 510 
224 434 263 451 282 475 283 500 272 512 265 495 279 533 281 521 276 508 241 500 260 537 263 526 258 514 222 502 240 535 245 524 241 511 207 502 225 526 231 519 228 509 
224 432 262 450 282 474 284 499 273 511 264 493 279 532 281 520 277 508 240 499 260 537 263 525 258 513 221 501 240 534 244 523 240 511 207 501 224 526 230 519 227 509 
224 432 262 449 282 473 283 498 272 510 265 492 280 531 282 519 277 506 241 499 261 536 264 524 258 512 223 501 241 534 245 523 240 510 208 502 226 527 232 519 228 508 
225 433 263 449 283 473 284 498 273 510 266 492 281 531 283 519 278 506 242 499 262 535 265 523 259 511 223 501 242 534 246 522 241 509 209 502 226 526 232 519 229 508 
225 433 263 449 283 472 284 497 273 509 266 492 281 531 282 518 277 505 243 499 262 535 264 523 258 510 224 501 243 533 246 522 241 509 209 502 227 527 232 519 228 508 
225 432 264 449 283 473 285 497 273 510 266 491 281 531 282 518 276 504 242 497 261 534 263 523 257 510 223 499 242 533 245 521 240 508 208 500 226 525 231 518 227 507 
225 432 264 449 283 473 284 498 273 510 267 492 282 530 283 518 278 505 243 499 262 534 265 523 259 510 224 501 243 533 247 521 242 509 209 501 227 526 233 518 229 508 
224 432 263 448 283 471 285 496 274 509 266 492 281 530 283 518 278 505 242 498 262 534 265 523 259 510 223 500 242 533 246 522 242 509 209 500 226 525 232 518 229 508 
225 432 263 448 283 472 285 497 274 510 266 491 282 530 283 518 278 504 243 498 262 534 265 522 258 510 224 500 243 533 246 521 241 508 209 501 227 526 232 518 228 508 
225 432 264 450 283 473 285 497 274 510 267 491 282 531 283 518 277 505 243 498 262 535 264 523 259 511 224 500 243 533 246 521 242 509 209 501 227 526 232 518 229 508 
223 432 262 448 282 471 284 496 275 508 266 492 281 530 283 519 278 507 243 499 262 535 265 523 260 511 224 501 243 533 247 522 242 510 209 501 226 526 232 518 229 509 
224 432 263 449 282 473 284 497 274 510 266 492 281 532 282 519 277 506 243 498 261 535 264 524 259 511 224 500 242 533 246 522 242 510 209 501 226 526 232 519 228 509 
224 431 263 449 283 472 284 497 273 509 266 492 280 532 281 520 276 506 241 498 260 536 263 525 257 512 222 500 241 534 245 523 240 510 207 500 225 526 230 519 227 508 
224 431 262 448 282 472 284 497 272 509 266 492 281 532 282 519 277 506 242 499 261 536 264 524 258 511 222 501 241 534 245 523 240 510 207 501 225 527 231 519 227 509 
224 432 262 449 282 473 284 498 273 510 265 493 281 531 283 519 278 506 241 500 262 536 265 524 259 512 222 502 242 535 246 523 241 510 208 503 226 528 232 520 228 509 
224 432 262 449 282 473 284 498 272 510 266 492 281 531 283 519 277 506 242 499 261 536 264 525 258 512 223 501 242 535 246 523 241 511 208 502 225 528 231 520 228 509 
223 433 262 450 282 473 284 498 274 510 266 493 282 531 284 520 278 507 242 500 261 536 265 525 260 512 223 502 242 534 246 523 242 511 208 502 225 527 231 519 228 509 
224 432 262 448 282 472 284 497 274 510 265 491 281 531 283 520 278 507 241 498 261 537 265 526 259 513 221 500 241 535 246 525 241 512 206 501 225 527 231 520 228 510 
223 432 261 449 281 472 285 496 275 511 266 492 283 530 285 522 280 511 243 499 263 537 267 527 262 515 224 502 243 535 248 525 244 513 209 503 226 528 233 521 231 511 
223 433 262 449 282 472 285 497 275 511 266 491 282 532 284 521 279 509 242 498 262 537 266 527 261 514 223 501 242 535 247 525 243 513 208 501 225 527 232 520 230 510 
223 432 261 449 281 472 285 496 276 510 266 491 283 531 285 523 281 511 242 498 262 537 267 528 263 516 223 501 242 535 248 526 245 514 209 502 225 527 233 521 232 511 
223 433 262 450 281 473 285 497 277 512 267 492 283 531 286 523 281 511 243 499 263 538 267 528 263 516 224 502 243 536 249 526 246 514 210 503 226 528 234 521 233 512 
223 433 262 449 282 473 285 497 276 512 266 493 282 532 285 523 281 511 242 499 262 538 267 528 263 516 223 501 242 536 248 526 245 514 209 502 225 527 233 520 232 511 
224 434 262 450 282 473 285 498 275 512 266 492 282 533 285 524 280 511 242 499 262 539 267 529 263 517 224 501 242 537 248 527 246 515 210 502 226 528 234 522 233 512 
223 435 262 451 282 474 284 499 273 513 266 494 280 534 283 524 279 511 242 500 261 540 266 530 262 517 224 502 242 537 247 527 245 515 210 503 226 529 233 522 232 513 
223 434 262 451 282 474 284 499 274 513 265 494 279 535 283 526 279 513 241 500 259 540 265 532 262 520 223 502 240 537 247 528 246 516 209 502 225 528 233 522 232 512 
223 435 262 451 282 474 285 500 275 515 266 495 280 535 283 525 279 512 242 500 260 541 266 531 262 519 223 502 241 537 247 528 245 516 209 503 225 529 233 523 232 513 
223 434 261 449 282 473 287 500 277 516 264 492 278 536 282 529 279 516 240 498 258 541 265 533 263 521 222 500 240 538 247 530 247 519 208 500 225 529 233 524 233 515 
223 434 261 449 283 473 288 501 278 520 263 493 278 537 282 529 279 517 240 499 258 542 265 534 262 522 222 502 240 539 248 532 247 521 208 502 225 530 234 526 234 518 
223 434 260 448 283 471 291 499 283 518 262 493 277 537 283 531 280 520 240 499 258 543 266 535 264 524 223 502 240 539 248 534 248 524 209 502 224 532 234 530 235 523 
224 434 261 448 284 470 292 498 284 518 263 494 277 538 284 533 282 523 240 500 258 544 267 536 265 525 222 503 240 541 249 535 249 525 208 504 224 533 234 532 236 525 
223 435 261 449 284 471 293 499 285 519 264 495 278 539 285 536 283 526 241 501 258 544 267 538 267 527 223 504 240 541 249 536 250 527 209 505 224 534 234 534 237 528 
223 434 261 448 285 472 294 501 286 522 262 495 276 539 283 538 282 528 240 501 256 545 266 540 266 528 222 503 238 541 248 537 249 527 208 504 222 533 233 534 236 527 
224 434 262 449 286 474 296 503 286 524 262 496 276 540 282 531 279 517 239 501 256 545 264 537 262 524 221 503 237 541 246 534 245 522 207 503 222 533 231 530 232 521 
222 433 261 449 284 474 294 503 289 525 262 495 276 539 283 531 280 517 240 501 256 544 265 536 264 524 222 503 238 541 247 534 248 523 209 504 223 534 233 532 235 524 
222 432 260 448 283 475 295 506 290 530 261 494 275 539 282 530 279 515 239 499 256 545 265 537 264 524 221 500 238 541 247 535 247 523 207 501 222 534 232 532 233 523 
221 431 260 449 282 477 293 508 291 532 263 493 276 539 281 529 278 514 240 498 256 544 265 536 263 523 221 500 238 541 247 534 246 522 206 501 222 534 232 532 232 522 
220 430 260 449 281 477 291 508 291 532 263 493 277 538 282 528 278 514 240 498 256 543 265 535 264 523 221 499 238 541 247 534 246 522 206 501 221 533 231 531 231 523 
220 429 259 450 280 478 290 508 291 532 262 491 277 537 281 528 277 514 239 496 256 543 263 534 261 521 220 498 237 540 245 533 244 521 205 500 221 533 230 530 230 522 
220 427 259 449 280 478 291 509 293 534 261 490 275 536 279 525 275 511 238 495 255 541 262 532 259 519 218 497 236 540 243 531 240 518 204 499 220 532 229 528 227 518 
220 427 260 449 280 478 291 509 295 535 261 490 275 535 279 524 274 509 238 495 255 540 262 530 258 517 219 497 237 539 243 530 240 517 203 498 220 532 228 527 226 516 
220 425 259 448 280 477 290 508 295 534 260 488 275 533 279 522 274 508 237 494 255 539 261 529 257 516 218 496 236 538 242 528 239 515 202 497 219 531 227 525 225 514 
220 425 259 448 281 477 292 508 295 533 260 489 275 533 278 519 272 504 237 494 255 538 260 527 255 513 217 496 236 537 241 526 236 512 201 497 219 530 226 523 223 511 
220 425 260 448 281 477 292 508 295 533 261 488 275 532 277 518 271 503 237 492 255 536 259 525 254 511 217 495 236 536 240 525 235 511 201 496 219 529 225 522 222 510 
220 425 260 448 281 477 292 508 295 532 261 488 274 532 276 517 270 502 237 492 255 535 258 523 252 509 217 494 236 534 239 522 234 508 201 495 219 527 225 519 221 507 
221 424 261 448 282 477 292 507 294 531 262 489 274 532 275 516 269 501 238 492 254 533 256 521 251 507 217 493 235 532 238 520 232 506 200 494 218 525 223 517 219 504 
221 424 260 448 281 477 292 508 294 532 262 489 274 532 275 517 270 501 238 492 254 534 257 522 251 508 217 493 235 532 238 520 233 506 200 493 218 524 223 516 219 504 
221 424 260 448 282 477 292 508 293 533 262 489 274 532 275 517 270 501 238 492 254 534 257 522 252 507 217 493 235 532 238 520 233 506 200 493 218 524 223 516 219 504 
220 424 261 448 282 477 291 508 291 534 261 490 273 532 275 516 270 501 237 493 254 534 257 522 252 507 217 494 235 532 238 520 233 506 200 494 219 524 224 516 219 504 
220 424 260 449 282 477 291 508 290 533 261 489 273 533 275 517 270 501 238 493 253 534 257 522 252 508 217 493 234 532 238 520 233 506 200 493 218 524 223 516 219 504 
220 425 260 448 282 477 291 509 290 534 261 490 273 533 274 517 269 501 237 494 253 535 256 522 251 508 217 494 234 533 237 521 232 506 200 494 218 525 223 517 218 504 
220 425 260 449 282 477 291 509 289 534 262 490 273 533 275 517 269 502 238 493 254 535 257 523 251 509 217 494 235 533 238 521 232 507 200 494 218 525 223 518 218 505 
220 425 260 449 281 478 290 509 289 535 261 490 273 533 274 518 269 502 237 494 253 535 257 523 251 509 217 495 234 533 238 521 232 507 199 495 218 526 223 518 218 505 
220 426 260 449 281 478 290 509 289 534 260 492 272 534 274 518 269 502 237 495 253 535 257 523 252 509 216 495 234 533 238 521 233 507 200 495 218 525 223 518 219 505 
220 426 260 450 281 479 289 510 288 536 260 492 272 534 274 518 269 503 237 495 253 536 256 523 251 509 216 495 234 534 237 522 232 507 199 495 217 526 223 518 218 505 
219 426 260 450 280 478 289 510 288 535 259 492 271 534 273 518 268 503 235 495 252 536 256 523 251 509 216 495 233 533 237 521 232 507 199 495 217 525 223 518 218 505 
220 427 260 451 280 480 288 511 287 536 260 493 271 535 274 519 269 503 236 496 252 536 256 524 251 510 216 496 233 534 237 522 232 508 199 496 217 526 223 518 218 506 
219 427 260 451 280 480 288 512 287 536 259 493 271 535 274 519 269 503 236 496 252 536 256 524 251 509 216 496 233 534 237 522 232 508 199 496 217 526 223 518 218 506 
219 427 259 451 279 481 287 512 287 537 259 493 270 535 273 520 268 504 235 497 251 537 255 524 250 510 215 497 232 534 236 523 231 509 199 496 217 526 222 519 218 506 
219 427 259 452 279 481 287 512 286 537 259 494 270 536 273 520 268 504 235 497 251 537 255 524 250 510 215 497 232 534 236 522 231 508 199 496 216 526 222 518 217 506 
219 428 259 452 280 482 288 513 286 538 259 494 270 536 273 520 268 504 235 497 250 537 255 525 250 510 215 497 232 534 236 522 231 508 198 496 216 526 222 518 218 506 
219 427 259 452 278 481 286 512 287 537 258 494 270 536 273 520 268 504 235 498 251 537 255 525 250 511 215 497 232 534 236 523 231 509 199 497 216 526 222 519 218 507 
218 427 258 451 278 480 286 512 286 537 258 494 269 536 272 520 268 504 234 497 250 537 255 525 250 511 214 497 231 534 236 523 231 509 198 496 216 526 222 518 218 506 
218 427 258 452 278 481 287 512 286 536 258 494 270 536 272 520 267 505 235 497 250 537 254 525 249 511 215 497 232 534 236 523 231 508 198 496 216 526 221 519 217 506 
218 426 258 452 278 481 286 512 286 536 258 494 269 535 271 520 267 505 235 497 249 536 253 524 248 510 215 496 231 534 234 522 230 508 198 496 215 526 220 518 216 506 
218 427 258 451 278 481 286 512 285 537 258 493 269 535 272 520 267 504 234 496 250 537 254 525 249 511 214 496 232 534 235 523 230 509 198 496 215 526 221 519 217 507 
218 427 258 452 278 481 287 512 285 536 258 494 270 535 272 520 267 504 234 497 250 537 255 525 249 511 214 497 232 534 236 523 231 508 198 497 216 526 222 519 218 506 
219 428 259 452 279 481 286 513 286 538 258 494 270 536 272 520 267 504 234 497 250 537 255 524 249 510 214 497 232 534 236 522 231 508 198 496 216 526 222 518 217 506 
218 428 258 451 278 480 286 512 286 537 258 494 269 536 272 520 267 504 234 497 249 537 254 525 249 511 214 497 231 534 235 523 231 508 198 496 215 526 221 518 217 506 
218 427 258 451 278 480 286 512 286 537 258 494 269 535 272 520 268 504 234 497 250 537 255 525 250 511 214 497 231 534 235 523 231 509 198 496 215 526 221 519 217 507 
219 428 259 452 279 482 287 513 285 538 257 494 269 536 273 520 268 504 233 497 250 538 255 525 250 511 213 497 231 535 236 523 231 509 197 496 215 526 222 519 218 506 
219 428 259 452 278 481 286 513 286 537 256 495 268 537 272 520 268 504 232 498 249 538 255 525 250 511 213 497 231 535 236 523 231 509 197 496 215 526 222 518 217 506 
218 427 258 451 278 480 287 512 286 537 257 494 269 536 273 521 268 505 233 497 249 538 255 526 250 512 213 497 231 536 236 524 231 510 198 496 215 527 222 519 218 507 
218 427 258 452 278 481 286 512 286 537 256 494 269 536 272 520 267 504 233 497 249 538 254 525 249 511 213 497 230 535 235 523 230 509 197 496 215 526 221 519 217 506 
218 427 259 451 279 480 287 512 287 537 256 495 269 536 273 520 269 504 232 498 249 538 255 526 251 512 213 497 231 535 236 524 231 510 197 496 215 526 222 519 218 507 
218 427 258 450 278 479 286 511 286 537 256 493 269 536 273 520 268 504 232 496 249 538 255 526 250 512 213 496 230 536 236 524 231 510 197 496 215 526 222 520 218 507 
218 427 258 450 278 479 286 511 287 536 256 493 269 536 273 521 269 505 232 497 249 539 256 527 251 513 213 497 231 536 236 525 232 511 197 496 215 526 222 520 219 508 
218 427 258 450 277 479 286 511 287 537 256 493 269 536 273 521 268 506 232 497 249 539 255 528 251 514 213 497 230 536 236 525 232 512 197 496 214 527 221 520 218 508 
218 428 257 450 277 479 286 510 287 535 256 492 269 537 273 523 269 507 232 496 249 540 255 529 251 515 213 497 230 537 236 526 232 513 197 496 215 528 222 522 219 509 
219 427 258 450 277 479 285 511 286 537 255 493 268 537 273 523 269 508 232 496 248 541 256 530 252 517 212 497 230 537 236 527 233 514 197 496 214 528 222 522 220 510 
218 429 257 450 277 479 285 512 286 537 256 492 269 538 273 525 268 509 233 496 249 542 255 532 252 518 213 497 230 539 237 529 234 515 197 497 214 530 222 524 220 512 
218 429 257 451 276 481 284 512 287 538 256 492 268 538 272 526 268 511 232 496 247 542 254 533 252 519 213 497 229 539 236 529 234 516 197 497 213 529 221 524 220 513 
218 429 256 451 276 481 284 513 287 538 256 493 268 538 273 527 269 512 232 497 248 543 255 534 252 520 212 497 229 539 236 530 234 517 197 497 213 529 221 524 220 513 
218 430 256 451 275 481 284 512 288 538 257 492 269 538 273 527 268 512 233 497 249 544 254 534 251 521 213 498 229 541 235 531 233 518 197 498 213 532 220 526 219 515 
217 431 255 453 275 483 284 514 288 539 256 493 268 539 272 528 268 514 232 497 248 545 254 536 251 522 212 499 229 542 235 532 233 519 196 499 212 532 220 526 219 516 
217 431 255 452 274 482 284 514 290 538 257 493 269 539 272 529 268 515 233 498 248 545 254 537 251 523 213 499 229 542 235 533 233 521 197 499 212 532 220 527 219 517 
218 431 256 453 275 484 283 515 290 540 258 494 268 540 271 530 268 516 234 498 247 546 253 537 250 524 213 499 228 543 234 533 232 521 197 499 211 533 219 527 218 517 
218 432 256 456 275 485 283 516 291 540 259 495 270 539 274 531 269 517 235 499 249 546 254 537 251 525 215 500 230 543 236 534 234 522 197 501 211 534 220 529 219 520 
218 432 256 455 275 485 284 515 292 540 259 494 269 540 272 531 268 518 236 499 249 546 253 538 250 525 215 501 230 544 235 535 233 523 198 501 212 535 220 530 219 520 
218 432 256 454 275 484 284 515 292 540 259 494 270 540 272 531 269 517 235 499 249 546 254 538 251 525 215 500 230 544 236 535 233 523 198 501 212 534 220 530 220 520 
218 432 257 455 276 485 285 516 291 541 259 495 270 541 273 531 269 517 236 499 249 547 254 538 251 526 215 501 230 544 236 535 234 522 198 501 212 535 220 530 220 520 
218 432 256 455 275 485 284 516 291 541 259 495 270 541 273 532 269 518 235 499 248 547 253 539 251 527 215 501 229 544 236 536 234 524 198 501 212 535 221 531 220 522 
218 432 256 455 275 485 285 516 292 541 260 495 271 540 274 532 270 518 237 500 250 547 255 539 252 526 216 501 231 544 237 536 235 524 200 502 213 536 221 531 221 522 
219 432 257 456 276 487 285 517 290 542 259 494 270 540 273 532 270 519 236 498 248 547 253 540 251 528 216 500 229 544 236 536 235 525 199 501 212 535 221 532 221 523 
219 432 257 456 276 486 285 516 292 541 260 494 272 539 275 532 271 520 237 498 250 546 255 539 253 527 217 500 231 543 237 537 236 525 200 502 213 535 222 533 223 524 
220 433 257 456 275 487 284 518 291 542 261 495 271 540 273 532 270 519 237 499 249 546 253 539 251 527 217 500 230 544 236 535 234 524 200 502 213 535 221 531 221 521 
219 433 257 457 276 487 285 516 292 541 260 495 273 539 277 534 273 522 237 499 250 545 257 540 255 529 217 501 231 543 239 537 238 526 202 502 214 534 223 533 225 525 
220 433 258 457 276 487 285 518 291 542 261 496 271 540 274 532 271 520 238 499 250 546 255 538 253 526 217 500 231 542 237 535 236 523 201 501 214 534 223 530 223 522 
220 434 259 459 276 489 284 517 292 541 262 497 273 539 277 534 273 522 239 500 252 545 257 539 255 528 219 502 233 542 239 536 239 525 203 503 215 535 224 533 226 525 
221 435 259 459 276 489 285 518 291 542 262 496 273 540 275 533 272 521 238 499 250 545 255 539 253 528 218 501 231 542 237 535 236 524 202 502 214 534 223 530 223 521 
221 436 260 461 276 490 284 517 292 540 263 497 275 538 278 534 274 524 240 500 252 544 257 541 257 531 220 502 233 541 240 537 240 528 204 504 215 534 225 534 227 528 
222 437 260 462 277 491 284 518 291 541 263 496 274 539 277 534 273 523 240 499 251 545 256 541 255 531 219 501 232 542 239 536 239 526 203 503 215 534 224 533 226 526 
221 438 260 464 277 492 284 518 291 541 264 497 274 539 276 534 272 523 240 500 251 545 255 540 254 530 220 502 232 541 238 536 238 526 204 504 215 534 223 532 225 525 
222 439 260 464 277 492 284 519 290 542 264 497 273 539 275 535 271 524 240 500 250 544 255 540 253 530 220 501 231 541 238 536 238 526 203 503 215 534 223 532 225 525 
222 439 261 466 276 494 283 519 290 541 264 498 273 538 274 534 271 524 240 500 250 543 255 540 254 532 220 502 231 539 238 535 238 526 204 504 214 532 223 532 226 527 
222 440 260 465 276 493 283 519 288 542 263 497 272 539 274 534 270 524 240 500 250 544 255 540 253 530 219 501 231 540 238 535 238 525 203 504 214 533 223 532 225 525 
222 440 260 465 276 493 282 519 289 541 263 498 271 539 273 535 270 524 239 501 249 544 254 540 253 530 219 502 230 540 237 535 237 525 203 504 214 533 223 531 225 525 
222 440 259 464 275 492 282 518 289 541 263 497 270 539 272 536 270 525 240 500 248 544 253 541 253 532 220 501 230 540 237 536 237 526 203 503 214 533 222 532 225 526 
222 440 259 465 275 493 282 519 288 541 263 498 271 538 273 535 270 524 240 500 249 544 254 541 253 532 219 501 230 540 237 535 238 526 203 503 213 533 223 532 225 526 
222 441 260 466 276 494 282 519 288 542 263 498 271 539 273 535 269 524 240 500 249 544 254 541 253 531 220 502 231 540 237 535 237 525 203 504 214 533 223 532 225 525 
223 441 259 464 276 493 283 520 287 543 261 497 269 539 272 533 269 522 238 500 248 544 254 539 253 528 218 501 230 541 237 534 236 524 202 503 213 533 222 530 223 521 
221 441 260 466 275 494 282 518 288 541 263 498 273 537 275 535 272 525 240 501 250 543 256 542 255 533 219 502 231 540 239 536 239 527 203 505 214 533 224 533 227 527 
222 442 259 466 275 494 282 519 287 542 262 498 271 539 272 535 268 525 239 501 249 544 254 541 253 533 219 502 230 540 237 536 238 527 203 504 213 534 222 534 225 528 
221 442 259 466 275 494 282 519 287 541 262 498 272 537 274 534 270 524 239 500 249 543 254 541 253 533 219 502 230 540 238 535 238 526 202 504 214 533 223 532 225 525 
222 442 259 467 275 494 281 520 286 542 262 499 270 538 272 534 269 523 239 501 248 544 253 541 253 533 218 502 229 540 237 536 237 526 202 504 212 534 222 533 224 526 
221 442 259 466 275 493 281 519 287 542 261 498 270 538 272 534 268 524 239 500 249 544 253 540 252 531 218 501 230 540 237 535 237 525 202 504 213 533 222 531 224 524 
221 443 259 467 274 494 280 519 286 542 262 499 270 538 271 535 268 525 239 501 249 544 253 542 252 534 219 502 230 540 237 536 237 527 202 504 213 534 222 533 225 527 
222 442 259 467 275 494 281 519 286 542 261 498 269 538 270 535 267 525 238 500 247 543 253 541 252 533 218 502 229 540 236 535 236 526 202 504 212 533 221 532 224 526 
221 442 259 465 275 492 281 518 287 540 262 497 272 536 274 534 270 524 239 500 249 542 254 542 253 534 218 501 230 540 238 536 238 527 202 504 213 533 223 533 225 527 
222 443 259 466 275 493 281 519 286 541 261 499 270 539 272 534 269 523 238 501 248 544 254 540 253 531 217 502 229 540 237 535 237 525 201 504 212 534 221 532 224 525 
221 442 258 466 274 493 281 518 287 540 261 498 270 537 273 534 270 524 238 500 247 543 254 542 253 534 218 502 229 540 237 536 238 527 202 503 212 533 222 533 225 528 
222 442 259 465 275 492 281 518 286 541 261 496 270 538 271 534 268 523 238 498 248 543 253 541 251 531 217 500 229 540 237 536 236 526 201 502 213 534 222 532 223 525 
221 442 259 465 275 492 282 517 288 540 261 497 271 537 274 534 270 524 238 499 248 543 254 541 253 533 217 501 229 540 238 536 238 527 201 503 212 533 222 532 225 527 
221 442 259 466 275 493 281 518 287 541 260 498 270 538 272 534 268 523 237 500 248 543 253 542 253 534 217 501 229 540 237 536 238 527 201 503 212 533 222 533 225 527 
221 442 259 464 275 491 282 516 288 538 262 496 272 536 275 534 271 525 238 499 249 542 255 542 254 535 218 501 229 540 238 536 239 528 201 503 212 533 222 532 225 527 
222 442 259 466 275 493 281 519 286 541 261 498 269 538 271 534 268 523 237 500 247 543 253 541 252 533 217 501 229 540 237 536 238 526 201 503 212 533 222 533 224 527 
221 442 259 465 275 492 282 517 287 540 261 497 271 537 274 534 271 525 238 499 249 542 255 542 254 534 218 501 230 540 239 537 239 528 201 503 213 533 223 534 226 529 
222 442 259 465 275 492 281 517 287 540 262 497 270 538 272 535 268 525 239 499 248 543 254 543 253 535 218 501 230 540 238 538 238 529 202 503 212 533 222 534 225 529 
221 442 259 465 275 492 282 518 287 541 260 498 269 538 272 534 268 523 237 500 248 544 253 540 252 531 217 501 229 540 237 535 238 526 201 503 213 534 222 533 225 526 
221 442 258 465 275 492 281 517 287 540 261 497 271 537 273 534 270 524 238 499 248 543 254 542 253 535 218 501 230 540 238 537 238 529 202 503 213 533 222 534 226 529 
221 442 259 465 275 492 281 518 286 541 261 498 270 538 272 535 268 524 238 500 248 543 254 542 253 534 218 501 229 540 238 537 238 528 201 503 213 534 222 534 225 528 
220 442 259 466 274 493 281 518 287 540 261 499 271 537 273 534 269 524 238 501 248 543 254 542 253 534 218 502 229 540 237 537 238 528 202 504 212 533 222 534 225 529 
221 443 259 466 275 493 281 519 285 542 260 498 269 539 272 533 268 522 237 500 248 544 254 540 253 531 217 502 229 540 238 536 238 526 201 504 212 534 222 533 224 527 
220 443 259 466 274 493 281 518 287 540 261 499 270 538 272 534 269 524 238 501 248 543 254 542 253 535 218 503 229 540 237 537 238 529 202 505 212 533 222 534 225 529 
221 443 259 467 275 493 281 519 286 541 261 499 270 538 272 534 269 523 238 501 248 543 254 542 253 534 217 503 229 540 237 536 238 527 201 505 212 534 222 534 225 528 
220 443 258 467 274 494 281 519 286 541 260 500 270 538 272 534 268 524 237 501 248 543 254 543 253 535 217 503 229 540 237 537 238 529 201 505 212 534 222 535 225 530 
220 443 258 467 274 493 280 519 286 541 260 499 269 539 271 534 268 524 237 501 247 544 253 541 252 533 217 503 229 541 237 537 238 528 201 505 212 534 221 534 224 529 
221 443 258 465 274 492 281 519 287 541 259 499 269 539 271 534 267 524 237 501 247 544 253 541 252 533 217 502 229 541 237 537 237 528 201 504 212 535 222 534 224 528 
220 443 258 466 274 493 281 519 286 541 260 499 270 539 271 535 268 525 237 501 247 544 252 543 252 535 217 502 228 541 237 538 238 529 201 504 211 534 221 535 224 529 
221 443 258 465 275 492 281 519 286 542 259 499 268 539 271 535 267 524 236 501 246 545 253 542 252 534 216 502 228 541 237 537 237 528 200 503 211 534 221 534 224 528 
219 443 258 466 274 493 281 518 287 541 260 500 270 538 272 534 269 524 237 502 247 544 253 543 253 536 217 503 228 541 237 539 238 531 201 505 212 534 222 536 225 532 
221 443 258 465 274 493 281 519 286 541 259 499 268 539 271 535 267 524 236 501 247 544 253 542 252 533 216 502 228 541 237 537 237 527 200 504 211 534 221 534 223 527 
220 443 258 466 274 493 281 518 286 541 260 499 270 538 273 535 270 525 237 501 247 544 254 543 254 536 217 503 228 541 237 539 239 531 201 505 211 534 221 535 225 531 
220 443 258 466 274 493 281 519 286 542 259 500 269 539 272 535 269 525 236 502 246 544 254 543 254 535 216 503 228 541 238 538 239 530 201 505 212 534 222 535 225 530 
220 444 258 467 274 493 281 518 287 541 261 500 271 538 273 535 270 525 238 502 248 544 254 543 254 536 218 504 229 542 237 539 239 530 202 506 212 535 222 536 226 531 
221 444 258 466 274 493 281 519 286 542 260 500 270 540 272 536 268 525 237 502 248 545 254 543 254 536 217 503 229 542 238 539 239 530 201 505 212 535 222 536 225 531 
220 444 258 467 275 493 282 518 288 541 260 500 271 539 274 536 270 526 237 502 248 545 255 545 255 538 217 504 229 542 238 541 239 533 202 506 212 535 222 538 226 534 
221 445 259 467 276 494 283 520 287 543 260 500 269 541 272 537 268 526 237 502 247 547 254 545 253 537 217 504 229 543 238 540 239 531 201 506 213 536 222 536 225 531 
221 445 259 467 275 494 282 520 288 543 260 501 270 541 274 538 271 528 237 504 248 547 255 547 256 540 217 505 229 544 239 542 241 535 202 507 213 537 223 539 227 535 
220 447 259 468 276 494 284 520 289 543 261 502 272 542 275 537 271 527 238 505 249 548 256 546 255 538 217 506 230 545 239 541 239 532 201 509 213 539 223 538 226 532 
222 447 259 468 276 495 283 522 288 545 260 502 271 543 273 538 269 527 237 505 248 549 255 547 254 538 217 506 230 546 239 542 239 533 201 508 213 540 223 539 226 533 
221 448 260 469 277 495 285 521 290 545 262 503 274 543 278 540 274 530 239 506 251 550 258 549 258 541 219 508 231 548 241 544 242 536 202 510 214 540 224 541 227 536 
223 451 261 472 278 499 285 525 290 548 263 506 273 546 276 542 272 530 239 509 251 552 257 550 256 541 219 510 232 549 241 545 241 536 203 512 215 543 225 542 228 537 
224 454 262 475 279 501 286 527 291 550 264 507 276 548 279 546 276 536 241 510 252 555 259 556 259 550 220 513 233 553 242 552 244 544 204 515 216 546 227 548 231 544 
226 458 263 478 281 505 288 532 292 555 265 513 277 554 281 551 279 542 241 516 252 560 260 561 262 555 220 517 233 557 243 559 246 554 205 518 216 550 227 554 232 552 
232 467 270 486 291 513 299 542 302 566 273 522 285 561 289 567 289 564 247 527 259 571 266 580 270 579 225 529 238 570 248 579 252 577 209 531 220 564 230 571 237 571 
237 477 275 496 296 524 304 554 307 578 275 533 287 573 292 579 293 576 249 538 261 582 270 593 275 592 228 541 241 582 252 591 258 589 213 542 224 574 236 583 243 584 
240 488 281 507 301 534 309 563 313 588 284 546 297 583 302 594 303 596 258 552 269 595 277 609 281 611 235 554 246 594 256 607 262 610 218 555 227 587 237 598 246 603 
247 499 286 519 307 548 313 581 316 607 289 558 299 598 304 611 305 616 262 564 271 610 279 629 285 635 239 567 249 611 259 626 267 630 221 567 231 603 241 615 250 619 
250 512 292 533 311 563 316 597 319 624 296 574 309 611 312 627 310 636 268 582 278 626 285 646 290 656 244 585 255 627 264 644 272 650 225 584 235 620 244 633 253 639 
253 525 296 550 316 582 322 616 328 646 300 593 311 628 316 648 315 662 273 600 282 643 287 670 290 686 250 603 259 646 266 667 273 679 231 602 239 638 247 654 253 665 
255 538 300 567 321 601 328 636 335 665 302 610 315 645 320 667 321 683 276 617 286 659 291 686 293 704 254 620 263 663 268 686 272 701 236 620 244 655 250 674 254 687 
-1 -1 -1 -1 -1 -1 -1 -1 -1 -1 -1 -1 -1 -1 -1 -1 -1 -1 -1 -1 -1 -1 -1 -1 -1 -1 -1 -1 -1 -1 -1 -1 -1 -1 -1 -1 -1 -1 -1 -1 -1 -1 
-1 -1 -1 -1 -1 -1 -1 -1 -1 -1 -1 -1 -1 -1 -1 -1 -1 -1 -1 -1 -1 -1 -1 -1 -1 -1 -1 -1 -1 -1 -1 -1 -1 -1 -1 -1 -1 -1 -1 -1 -1 -1 
-1 -1 -1 -1 -1 -1 -1 -1 -1 -1 -1 -1 -1 -1 -1 -1 -1 -1 -1 -1 -1 -1 -1 -1 -1 -1 -1 -1 -1 -1 -1 -1 -1 -1 -1 -1 -1 -1 -1 -1 -1 -1 
-1 -1 -1 -1 -1 -1 -1 -1 -1 -1 -1 -1 -1 -1 -1 -1 -1 -1 -1 -1 -1 -1 -1 -1 -1 -1 -1 -1 -1 -1 -1 -1 -1 -1 -1 -1 -1 -1 -1 -1 -1 -1 
292 34 307 20 326 14 340 8 345 8 379 41 413 18 405 1 392 -4 382 39 416 14 403 -1 390 -1 379 32 407 9 397 -3 386 -3 370 24 388 4 382 -6 374 -7 
288 37 307 21 330 18 343 16 349 12 371 43 404 36 411 18 408 5 369 45 406 38 411 17 405 4 360 43 370 15 354 2 340 2 346 37 348 9 336 3 325 6 
