-1 -1 -1 -1 -1 -1 -1 -1 -1 -1 -1 -1 -1 -1 -1 -1 -1 -1 -1 -1 -1 -1 -1 -1 -1 -1 -1 -1 -1 -1 -1 -1 -1 -1 -1 -1 -1 -1 -1 -1 -1 -1 
-1 -1 -1 -1 -1 -1 -1 -1 -1 -1 -1 -1 -1 -1 -1 -1 -1 -1 -1 -1 -1 -1 -1 -1 -1 -1 -1 -1 -1 -1 -1 -1 -1 -1 -1 -1 -1 -1 -1 -1 -1 -1 
-1 -1 -1 -1 -1 -1 -1 -1 -1 -1 -1 -1 -1 -1 -1 -1 -1 -1 -1 -1 -1 -1 -1 -1 -1 -1 -1 -1 -1 -1 -1 -1 -1 -1 -1 -1 -1 -1 -1 -1 -1 -1 
230 509 263 515 280 529 290 548 300 564 261 563 270 598 270 598 267 590 237 569 247 601 251 594 251 583 216 570 224 603 231 598 234 589 199 567 199 599 204 614 211 625 
231 500 264 506 284 518 299 535 313 549 267 554 273 593 270 585 267 572 242 559 247 593 248 584 248 573 220 559 225 593 229 586 230 575 202 556 202 589 206 605 212 616 
232 487 266 495 288 508 307 523 327 533 271 545 277 585 274 574 271 561 247 549 251 585 253 574 251 561 224 548 230 583 233 575 233 562 206 544 205 579 209 594 213 602 
233 474 268 484 291 499 313 513 335 520 275 532 281 573 278 563 273 550 250 537 255 573 255 562 253 548 228 536 233 571 236 562 236 550 209 533 209 567 212 583 215 592 
236 461 270 471 294 488 316 503 337 509 279 521 284 562 279 552 275 539 255 525 257 561 257 550 255 537 232 524 236 560 237 552 237 540 213 521 211 555 213 572 215 583 
237 450 271 462 295 480 319 493 341 498 280 511 285 551 280 543 276 531 257 516 260 551 259 541 257 528 235 515 239 550 240 544 239 532 216 512 214 546 214 563 216 574 
237 441 271 455 295 473 319 486 342 490 280 503 284 543 281 535 277 522 257 507 261 544 261 533 259 519 235 507 240 543 242 535 242 523 216 505 215 539 215 557 216 568 
238 433 271 449 295 467 319 481 342 485 280 496 283 537 280 528 277 515 257 500 260 537 260 526 259 513 236 499 240 535 242 527 242 515 217 497 215 532 215 549 216 562 
237 428 270 445 294 463 318 477 341 480 278 491 281 532 279 523 277 511 255 494 260 531 261 520 260 507 234 493 239 529 242 521 243 509 215 491 213 526 214 543 215 556 
237 423 269 439 293 457 317 469 341 470 275 482 278 524 277 513 276 499 252 484 256 523 258 512 258 498 230 484 236 521 240 512 240 500 212 482 211 518 212 536 213 549 
235 419 268 436 292 456 315 468 338 468 272 481 275 522 273 512 273 498 249 483 254 520 255 509 256 496 227 482 233 518 236 509 237 497 210 480 209 515 210 534 211 548 
234 418 266 435 291 454 313 466 335 467 270 480 273 520 273 509 272 496 246 482 253 518 255 507 254 494 226 481 232 516 236 508 236 496 209 479 208 514 208 533 209 547 
232 417 265 435 289 453 311 465 334 465 267 479 271 520 271 508 271 494 244 481 250 517 253 506 252 493 223 480 230 515 234 506 235 494 207 478 206 513 207 532 208 546 
230 416 263 433 287 453 309 465 331 466 267 480 269 520 268 508 269 495 243 482 248 517 250 505 250 492 222 480 228 515 231 505 232 493 205 478 204 512 204 531 205 546 
229 416 262 434 285 453 307 466 330 467 264 480 267 520 267 508 267 495 240 481 246 517 249 505 249 492 220 480 226 515 230 506 231 494 203 477 202 512 202 531 203 545 
228 417 261 434 284 454 306 467 328 468 262 481 265 520 265 509 265 496 239 482 245 517 247 505 247 493 219 480 225 514 228 505 229 494 202 478 201 512 200 531 201 545 
228 417 261 434 283 453 304 466 325 468 260 481 263 521 264 510 263 496 237 482 243 517 246 506 246 492 217 480 223 514 227 505 228 493 200 477 199 511 199 530 199 545 
228 417 260 434 283 453 305 465 326 467 261 480 264 520 264 509 263 496 237 482 243 516 245 505 245 492 217 480 223 513 227 504 227 492 200 477 199 511 199 530 200 545 
228 416 261 433 284 453 305 465 326 467 261 480 264 520 265 508 265 495 237 482 243 516 246 504 246 491 217 480 223 513 227 504 228 492 201 477 200 510 199 529 200 544 
229 416 261 433 284 452 306 465 327 466 262 480 265 520 266 509 265 495 238 481 244 516 246 505 246 492 218 480 224 513 228 504 229 492 202 477 200 510 200 529 200 544 
230 415 262 433 286 452 308 465 329 467 264 480 266 520 266 508 266 494 240 481 245 515 247 504 247 491 220 479 225 513 228 503 230 491 203 476 202 510 201 528 201 543 
231 415 263 433 287 452 308 465 330 466 264 479 267 519 267 509 267 495 241 481 246 515 249 504 249 491 220 479 226 512 230 504 232 492 204 476 203 510 202 528 203 543 
232 416 264 433 288 453 309 466 330 467 265 480 268 519 268 508 267 494 241 481 247 515 249 504 249 491 221 479 227 512 231 503 232 491 204 476 203 510 203 528 203 544 
232 416 264 434 288 454 309 467 330 468 264 481 267 520 267 509 267 496 241 482 247 516 249 505 249 492 221 480 227 513 231 504 232 492 204 477 202 510 202 529 202 544 
231 416 264 434 287 454 308 467 329 468 263 481 267 520 267 510 266 497 240 482 246 516 249 505 248 492 220 480 226 513 230 504 231 492 203 477 201 510 201 529 201 544 
231 416 263 435 286 455 308 467 329 468 263 481 266 520 266 509 265 496 239 482 246 516 248 505 248 492 219 480 225 513 229 505 230 493 202 477 200 511 199 529 200 544 
230 416 262 435 285 455 306 468 328 469 262 482 264 521 264 510 263 497 238 483 243 517 246 505 246 492 217 481 223 514 227 505 228 493 201 477 198 510 197 529 198 544 
229 417 262 436 284 456 306 469 328 470 260 483 262 522 263 510 263 497 236 483 242 517 245 506 245 493 216 481 222 514 226 505 228 493 199 477 197 511 195 529 196 544 
228 416 260 436 283 456 304 469 325 471 259 483 260 522 261 511 260 498 235 483 240 518 243 507 243 493 215 481 220 515 224 506 226 494 198 478 195 511 194 529 194 544 
227 417 259 436 282 457 303 470 324 471 257 484 259 523 259 512 259 498 234 484 239 518 241 507 241 493 213 481 218 515 222 506 224 494 196 477 193 510 191 528 192 543 
225 416 258 436 280 457 301 470 322 472 255 483 257 522 257 512 257 499 232 484 237 518 239 507 240 494 211 481 216 514 221 506 222 494 195 478 191 510 190 529 190 543 
223 416 255 436 278 456 298 470 320 472 254 483 255 522 256 512 256 498 231 484 235 518 238 507 238 494 210 481 215 514 219 506 221 495 193 477 189 510 187 527 187 542 
222 417 255 437 277 458 298 471 320 472 252 483 254 522 254 512 254 499 228 484 234 518 236 507 237 493 208 481 213 514 218 506 220 494 191 477 187 509 186 527 186 542 
220 416 252 436 275 457 295 470 316 473 250 483 251 522 252 512 252 498 226 483 231 518 234 507 234 493 206 480 210 514 215 506 217 494 189 476 185 509 183 527 184 541 
219 416 251 437 273 458 294 471 316 473 248 484 249 523 250 512 250 498 224 484 229 518 232 507 232 493 204 481 208 514 213 506 215 494 187 476 183 509 181 527 182 541 
217 415 248 436 270 458 290 472 311 474 246 484 246 523 247 512 247 498 223 484 226 518 228 507 229 493 202 480 205 514 209 506 212 494 184 476 180 509 178 526 178 540 
215 416 246 437 268 458 288 472 309 474 242 485 243 523 244 512 244 498 219 484 222 518 226 507 227 494 198 480 202 514 207 506 209 494 181 476 176 508 175 526 175 540 
212 416 243 437 265 458 284 472 305 474 239 484 239 523 241 511 241 497 215 483 219 517 222 506 223 492 195 480 198 513 203 504 205 493 178 475 173 508 171 526 171 540 
209 415 240 437 262 458 282 471 302 473 235 484 235 522 237 511 238 498 212 483 215 517 218 505 219 492 191 479 194 512 199 503 201 492 174 474 169 507 167 526 167 540 
205 413 235 435 256 456 275 470 295 472 228 482 229 521 230 510 231 496 205 482 208 515 211 504 213 490 184 478 187 511 192 502 194 490 167 472 162 506 160 524 161 539 
202 412 233 434 254 456 274 469 295 472 225 482 226 521 229 510 229 496 201 481 206 514 210 503 210 490 181 476 186 509 192 500 193 488 165 471 161 504 159 523 157 538 
200 410 231 432 251 454 271 468 292 471 223 481 224 520 227 509 227 495 199 480 204 514 208 502 208 489 179 476 184 509 190 499 191 487 163 471 159 504 157 523 156 539 
199 410 230 431 251 452 271 467 293 470 221 480 224 520 227 508 226 494 197 480 203 514 207 502 207 489 177 476 184 509 189 500 190 488 162 472 159 505 158 523 157 538 
198 409 229 430 250 451 271 466 292 469 221 480 224 518 227 507 226 493 197 480 204 513 208 501 207 488 177 476 184 509 190 499 190 487 162 472 159 505 158 523 157 539 
198 408 229 429 250 450 271 465 292 468 220 479 225 518 228 506 227 492 196 480 205 512 208 500 207 488 177 476 185 508 191 499 191 487 162 472 160 505 159 524 158 539 
198 409 229 428 251 449 272 465 293 468 221 480 227 519 230 506 228 492 197 481 207 513 210 501 208 488 178 478 187 509 192 499 192 487 163 474 162 507 162 525 161 540 
198 409 230 428 252 448 273 463 294 467 222 480 229 518 231 505 229 491 198 481 209 512 211 500 210 488 179 478 188 509 193 499 193 487 164 474 164 507 163 525 162 540 
199 410 231 427 253 447 274 463 295 466 225 481 232 518 235 505 232 491 201 483 212 513 215 501 213 488 181 480 191 509 196 499 196 487 166 476 167 508 168 526 168 540 
200 410 232 427 254 446 274 462 295 466 226 482 235 518 237 505 234 491 203 484 214 513 218 501 216 489 183 481 194 510 199 500 199 488 168 477 169 509 171 527 171 541 
202 411 234 428 256 447 277 462 297 466 228 483 237 518 239 506 237 491 205 484 216 513 220 501 218 489 185 481 196 510 201 500 201 488 170 477 171 509 172 527 173 541 
204 411 236 428 258 447 279 463 299 467 231 483 239 518 241 506 238 492 207 485 219 514 222 502 220 490 188 482 198 511 203 502 203 489 172 478 173 509 174 527 175 541 
207 413 239 430 261 449 282 464 303 467 236 486 243 519 244 508 242 494 212 488 222 515 224 504 223 491 192 484 200 512 205 503 206 491 175 479 175 510 176 527 178 541 
208 414 240 431 261 451 281 465 302 466 236 488 243 520 245 509 243 495 212 489 222 516 226 504 225 492 192 486 201 512 206 503 207 491 175 481 176 511 177 529 178 543 
209 416 241 433 263 452 282 467 303 469 237 491 243 522 245 511 243 498 213 492 223 517 226 506 226 494 193 489 202 514 208 505 208 494 176 483 177 513 177 530 178 545 
210 418 242 435 263 455 282 469 303 470 238 492 244 524 245 513 242 500 214 494 223 519 226 508 225 496 194 490 202 516 207 507 207 495 177 485 177 515 177 533 178 547 
211 419 242 437 263 456 283 471 304 472 237 494 243 525 244 514 242 501 214 495 223 520 226 509 225 497 193 492 202 517 207 508 207 495 177 487 177 516 177 534 178 549 
211 420 243 438 264 458 284 472 305 475 236 495 242 527 244 516 242 502 213 496 222 522 226 510 225 498 193 493 201 518 207 509 207 496 176 487 176 517 177 535 177 550 
212 421 244 439 266 459 287 474 308 478 238 496 243 528 245 517 242 503 214 496 223 523 226 512 225 499 194 493 202 520 207 510 208 498 177 487 177 518 177 536 177 551 
212 419 246 437 268 458 289 475 311 481 238 496 243 529 245 518 243 504 214 496 223 524 227 512 226 499 194 493 202 521 208 511 208 498 178 488 177 519 177 538 177 553 
213 419 247 438 269 459 291 475 312 482 239 496 243 530 245 518 244 503 215 496 223 525 227 513 226 499 194 492 202 521 208 511 209 498 178 487 176 519 176 537 177 553 
212 418 247 436 271 458 292 476 312 485 240 496 243 531 245 519 244 504 215 496 223 526 226 513 226 499 195 492 202 521 208 512 209 499 178 487 176 518 175 537 175 553 
213 417 248 437 272 458 293 477 313 487 240 495 243 530 246 518 245 503 216 495 223 525 227 513 227 498 195 491 202 521 208 512 210 499 179 485 175 517 173 537 173 553 
213 418 249 438 273 460 294 479 313 491 240 494 243 531 246 519 245 504 216 494 223 526 227 513 227 499 196 490 201 521 208 512 210 500 179 485 174 517 173 536 172 552 
213 417 250 438 273 460 294 481 312 494 240 495 242 530 244 519 244 504 216 494 222 525 226 513 227 498 196 490 200 521 207 512 209 500 179 485 173 517 171 536 170 551 
212 417 249 439 273 462 293 483 311 496 239 494 242 531 245 520 245 505 215 494 222 526 227 514 227 499 195 490 200 522 207 513 210 500 178 485 172 517 170 536 169 552 
212 417 249 439 273 462 292 484 310 498 238 494 241 531 244 520 244 506 214 494 221 525 226 514 227 499 194 490 199 521 206 513 209 501 177 485 171 516 168 535 166 551 
212 416 249 439 273 462 292 484 309 499 237 494 240 530 243 520 243 506 213 493 220 525 225 514 226 499 193 489 198 521 205 514 208 502 176 484 168 515 165 534 163 549 
212 414 249 439 273 463 292 486 306 502 236 493 238 530 242 521 242 507 212 492 218 526 224 515 225 501 192 488 196 521 204 514 207 503 176 483 168 514 164 533 161 548 
212 415 249 439 273 464 291 488 303 505 235 493 237 531 242 522 243 508 211 492 217 527 223 516 225 502 191 488 195 521 203 515 207 504 175 483 167 513 163 531 161 546 
212 415 249 439 273 464 290 488 301 507 235 492 236 530 240 523 241 511 211 492 216 527 223 517 225 503 191 487 194 521 203 516 208 506 175 482 167 512 163 530 162 545 
212 415 249 439 272 465 289 489 299 508 234 493 235 531 239 524 240 512 210 492 215 527 222 518 225 504 191 488 194 521 203 517 208 507 175 482 167 512 165 530 163 544 
212 415 249 439 272 465 288 490 298 509 235 494 236 532 240 524 241 511 210 492 216 528 222 519 225 505 191 488 194 522 203 519 208 509 175 482 169 513 167 530 167 543 
213 417 249 440 271 465 287 489 297 508 234 493 234 531 238 525 239 512 210 492 215 527 222 519 224 505 191 488 193 522 203 519 208 509 176 482 169 512 167 529 167 541 
213 418 248 441 269 465 285 488 296 506 232 494 233 532 237 523 239 509 209 492 214 528 221 518 223 504 190 487 192 521 201 517 206 507 174 482 167 511 165 528 165 541 
212 418 248 440 269 465 285 488 295 508 231 494 232 531 237 525 238 512 207 492 213 528 220 518 223 504 189 488 192 521 201 517 206 506 174 482 167 511 165 528 165 541 
213 418 248 441 269 466 285 489 295 508 231 496 232 532 237 525 238 511 207 494 212 528 219 518 222 504 188 488 191 521 200 517 205 506 173 481 166 511 165 527 165 540 
213 419 248 442 269 467 285 491 296 510 231 496 231 533 236 526 238 512 208 493 212 528 219 519 222 505 189 488 191 521 200 517 205 507 173 481 166 511 164 527 164 539 
213 418 248 442 269 467 284 492 295 511 231 496 231 533 236 526 237 513 208 494 212 528 219 519 222 505 189 488 190 521 200 517 205 507 173 481 165 511 162 527 162 540 
213 418 249 443 269 468 284 493 295 513 231 497 231 533 236 525 237 512 207 494 211 528 218 519 221 505 188 488 190 521 199 517 204 507 173 482 164 511 161 528 161 540 
213 419 248 444 269 469 284 494 295 513 231 497 231 534 236 526 238 513 207 495 211 529 219 520 221 506 188 489 190 522 199 518 204 507 173 482 165 512 162 528 161 541 
213 419 248 444 269 469 284 494 295 514 231 497 231 533 236 527 237 514 207 495 211 529 219 520 221 506 188 489 190 522 199 518 204 507 173 482 165 512 162 528 161 541 
213 419 248 444 269 470 284 495 295 514 230 497 231 534 236 526 237 513 207 495 211 529 218 520 221 506 188 489 190 522 199 517 204 507 172 482 164 511 161 528 161 541 
214 420 249 445 269 470 284 495 294 514 231 498 230 534 235 527 237 513 207 495 211 529 218 520 221 506 188 489 190 522 199 518 204 508 173 482 164 512 162 528 161 541 
213 419 248 445 269 470 284 495 295 514 231 497 230 534 235 526 237 512 207 495 211 529 218 519 221 505 188 489 190 522 198 517 203 506 172 482 164 512 161 528 160 541 
214 420 249 445 269 471 284 496 295 515 231 498 231 534 236 526 237 512 207 495 211 529 218 519 221 505 188 489 190 522 199 516 203 505 173 482 164 512 161 529 159 542 
214 419 249 445 269 471 284 496 295 515 231 498 231 533 235 526 237 513 208 495 211 528 218 519 221 505 188 489 190 521 198 516 203 506 173 482 163 511 160 528 159 542 
214 419 249 445 269 471 285 496 296 516 231 498 231 534 236 525 237 511 207 495 211 529 218 519 220 505 188 489 190 522 198 516 203 505 172 482 164 512 160 529 158 542 
214 419 249 445 269 471 284 496 295 516 231 498 231 534 235 526 236 513 208 496 211 528 218 519 221 505 188 490 189 522 198 517 203 506 172 483 163 512 159 529 157 542 
213 420 248 446 269 472 284 497 295 516 231 499 230 534 235 525 237 511 207 496 211 529 217 519 220 504 187 490 189 522 197 516 202 505 172 483 162 512 158 529 156 543 
214 419 248 445 269 472 284 497 295 516 230 498 229 534 234 526 236 513 207 496 210 529 217 519 219 505 187 489 188 521 197 516 202 505 171 482 162 511 157 528 155 542 
214 419 249 446 269 472 284 498 295 517 231 499 230 534 234 527 236 514 207 496 210 529 217 519 220 505 187 489 188 522 197 517 202 506 171 482 161 511 157 529 155 543 
213 419 248 446 269 472 284 498 295 517 230 499 228 535 233 527 235 514 206 496 209 529 216 519 219 505 186 489 187 521 196 516 201 505 170 482 160 511 156 529 154 542 
212 419 247 446 269 473 284 498 295 517 230 499 229 535 233 526 235 512 206 496 209 529 216 519 218 505 186 489 187 522 196 516 200 505 170 482 161 512 156 529 154 542 
212 419 247 446 268 473 283 498 294 517 229 499 227 535 232 527 234 514 206 495 208 529 215 519 218 506 186 489 186 521 195 517 200 506 170 482 160 511 155 528 153 541 
212 418 247 445 268 472 283 498 293 517 229 498 227 535 232 529 233 516 205 495 208 530 215 521 218 507 185 489 186 522 195 518 200 508 169 482 160 511 156 528 155 542 
212 419 246 446 267 472 282 498 293 517 229 499 228 536 232 528 234 514 205 496 208 530 215 520 218 506 185 489 186 522 195 518 200 506 169 482 160 512 156 529 155 541 
211 419 246 446 266 472 281 498 293 517 229 498 227 535 231 529 232 516 205 496 207 530 214 521 217 508 185 490 185 523 194 519 199 509 169 483 159 512 156 528 155 541 
211 419 246 446 266 472 281 498 293 518 228 499 227 536 230 529 232 516 204 496 207 531 213 521 216 508 184 490 184 523 193 519 198 509 168 482 158 511 155 528 154 541 
211 419 246 446 266 472 281 498 293 517 229 499 226 536 230 529 232 515 205 496 206 531 212 522 216 509 185 490 184 523 192 520 198 510 168 482 158 512 154 528 153 540 
212 419 246 446 266 472 281 497 292 517 229 498 226 537 229 532 231 519 205 496 205 532 212 524 216 511 185 489 183 524 192 522 198 514 168 481 158 511 154 527 154 540 
211 419 245 445 266 472 280 497 292 517 228 498 226 538 230 531 232 517 204 496 204 534 211 526 215 513 184 489 182 526 190 523 196 514 167 481 157 512 154 527 154 538 
211 419 245 446 266 472 281 497 292 517 229 498 226 538 230 532 231 517 204 495 204 535 210 528 214 515 184 489 181 526 190 524 196 515 167 481 156 512 153 527 153 538 
211 420 244 446 265 472 280 497 293 517 229 498 226 538 229 533 230 519 204 496 203 535 209 529 213 516 184 489 181 527 189 525 195 516 167 481 156 513 155 527 156 536 
211 421 244 446 264 472 279 497 293 516 228 498 225 538 229 533 230 519 204 496 202 536 208 529 212 515 183 490 180 528 187 526 193 517 167 482 157 514 158 526 162 531 
212 422 245 446 264 472 279 497 293 516 228 498 225 537 228 535 229 523 204 496 201 536 207 531 212 517 184 490 179 528 186 527 191 518 167 481 158 513 161 524 167 527 
211 421 243 445 263 472 278 497 292 516 229 498 226 538 229 534 230 520 204 496 201 537 208 530 212 515 184 490 179 529 186 527 191 517 167 482 159 514 164 522 170 521 
213 423 244 447 262 472 277 497 293 514 227 499 224 538 228 532 229 518 203 496 202 536 209 527 212 512 183 490 180 528 188 524 192 513 167 482 159 514 163 523 169 523 
212 424 242 447 261 471 276 494 293 510 226 501 223 538 228 530 229 516 203 498 202 533 209 524 213 511 183 491 182 524 190 520 196 510 167 483 159 512 158 526 159 534 
211 423 241 447 258 471 273 493 292 506 225 502 223 537 227 527 228 513 202 499 203 531 209 521 212 507 182 491 182 522 190 516 195 505 167 483 158 512 155 528 153 541 
210 423 239 447 256 472 271 492 290 502 222 503 222 536 226 525 228 511 199 499 203 528 209 518 211 504 181 492 183 521 191 513 194 502 166 484 158 512 154 529 151 543 
209 425 238 448 254 473 270 493 288 502 222 504 222 535 226 523 226 510 199 501 203 527 208 516 209 504 181 493 184 519 190 511 193 499 166 485 159 514 155 531 152 545 
208 424 237 447 252 473 267 493 286 500 221 505 220 534 224 522 225 509 199 501 202 525 208 514 209 502 180 494 184 518 190 508 192 496 166 486 160 514 156 532 153 547 
208 425 236 449 252 474 266 493 285 500 221 505 221 534 224 522 225 509 198 502 203 526 207 515 209 503 180 495 184 518 190 509 192 497 166 487 161 516 157 534 154 549 
208 426 236 450 251 475 265 494 284 500 219 506 219 533 223 522 223 509 197 503 201 526 206 514 207 502 179 495 183 518 189 509 191 497 165 488 159 516 154 534 150 549 
207 427 234 451 250 475 265 495 284 500 219 507 218 534 221 522 222 510 197 504 200 526 204 515 206 503 178 496 182 518 187 508 189 497 164 489 157 517 153 535 149 551 
207 428 235 452 251 476 265 495 283 500 218 508 217 534 221 522 222 510 196 504 200 526 204 514 206 503 178 497 181 518 187 508 189 497 163 488 157 517 152 535 147 551 
207 429 234 453 251 476 265 495 284 501 218 509 217 535 220 523 221 510 196 505 198 527 203 515 205 503 177 497 180 518 185 507 187 496 162 489 154 517 149 536 145 552 
206 427 233 452 249 476 264 495 284 501 217 509 215 534 219 522 220 510 195 505 197 526 201 515 204 503 177 497 178 518 183 508 186 496 161 488 153 516 147 534 143 550 
204 429 233 453 250 478 266 496 287 502 218 510 215 535 218 523 220 511 196 506 197 527 201 516 204 504 176 498 178 518 183 508 187 497 161 488 152 516 146 534 141 549 
205 427 234 453 251 478 267 496 287 501 218 509 215 535 218 523 221 511 196 505 197 528 201 517 204 505 177 497 178 519 183 510 186 499 161 487 151 516 145 534 141 549 
205 426 234 452 251 477 267 496 288 501 218 510 215 535 218 523 220 511 196 506 197 527 201 517 204 505 176 498 178 519 183 510 186 499 161 488 151 516 145 534 141 549 
205 427 234 453 252 478 269 497 289 503 219 510 214 536 218 524 220 511 196 506 197 528 201 516 204 504 177 498 178 519 183 510 186 499 160 488 151 515 145 533 141 549 
205 426 234 452 251 478 268 496 289 502 219 510 215 536 219 524 221 511 196 506 196 527 201 517 204 505 177 497 178 519 183 510 186 498 160 488 151 516 144 534 140 549 
205 425 234 452 252 478 269 496 290 502 218 510 215 536 219 523 221 511 196 506 197 528 202 517 204 505 176 497 178 519 183 510 187 499 160 488 151 516 144 534 140 549 
205 425 234 452 252 477 270 496 290 503 219 509 215 536 219 524 221 511 196 505 197 528 201 517 204 505 176 497 178 519 183 510 186 499 160 487 151 516 144 534 140 549 
205 425 234 452 252 477 270 496 291 503 219 509 216 536 219 524 222 511 197 505 197 529 202 518 205 505 177 497 178 520 183 511 187 500 161 487 151 516 144 534 140 549 
205 424 235 451 253 477 270 496 292 504 219 509 215 536 219 524 222 510 196 505 197 528 202 517 205 505 177 497 178 520 183 511 187 499 161 487 151 516 145 534 141 549 
205 424 235 451 253 476 271 496 293 504 220 509 216 537 220 524 222 511 197 505 198 529 202 518 205 505 177 497 178 520 183 511 187 499 160 487 151 516 145 534 141 549 
205 425 235 451 254 477 273 497 293 506 220 509 216 537 220 525 222 511 196 505 197 529 202 518 205 505 176 496 176 521 182 512 186 500 160 487 150 515 144 533 140 548 
205 424 235 451 255 477 273 497 295 507 220 509 215 538 219 526 222 512 196 505 196 530 202 519 205 506 176 497 176 522 182 513 186 501 159 487 149 516 143 534 139 549 
204 425 235 452 255 478 272 499 293 510 219 510 213 540 217 528 220 514 195 506 194 532 199 521 203 507 175 498 174 523 180 515 185 503 158 488 147 517 140 535 137 551 
202 426 233 455 254 481 272 503 292 514 216 512 212 543 215 530 218 516 193 507 193 534 198 523 201 509 172 499 172 525 178 517 183 505 156 489 145 518 138 537 135 552 
199 427 231 456 252 483 269 506 289 517 215 513 208 545 212 534 215 519 191 509 189 537 195 526 199 512 170 500 169 528 175 520 180 508 153 490 142 520 136 538 133 553 
199 431 230 461 250 488 267 510 286 523 211 516 205 548 209 536 212 521 187 511 186 539 192 528 196 514 167 502 165 531 171 523 176 510 150 492 138 521 132 540 129 554 
195 431 227 462 246 490 264 513 282 527 208 518 201 550 205 539 208 524 184 513 182 542 188 531 193 517 164 503 162 533 168 525 173 513 147 494 135 523 129 541 126 556 
192 434 225 465 244 493 262 517 280 532 205 520 198 553 202 541 206 526 181 514 179 544 186 533 190 519 160 505 159 536 165 528 170 516 144 495 132 525 125 543 122 557 
191 436 223 468 242 496 259 520 278 535 203 522 195 555 198 544 202 529 179 517 176 546 182 535 186 521 158 507 155 537 161 529 167 517 142 497 128 526 121 544 118 558 
189 437 220 469 239 499 256 523 275 538 199 524 191 557 194 546 198 530 175 519 171 548 177 537 182 523 155 509 151 539 157 531 163 519 139 498 125 527 117 544 113 559 
186 440 216 473 235 502 253 526 273 539 196 527 187 560 191 548 195 533 172 521 168 551 174 539 179 525 152 511 147 541 154 533 160 521 135 501 121 530 114 547 110 561 
184 443 214 475 233 505 251 528 272 541 194 530 184 563 188 551 192 536 170 524 165 553 171 542 176 528 149 514 144 543 150 535 156 523 133 502 118 532 110 549 107 563 
183 444 212 478 230 508 247 531 269 543 190 533 179 565 184 553 188 538 166 526 160 556 167 545 172 531 146 515 140 545 147 538 153 526 130 505 115 534 107 551 102 565 
180 446 209 480 228 510 245 534 266 547 187 535 176 567 181 555 186 540 163 528 158 557 164 547 169 533 143 517 138 547 145 539 151 527 127 507 113 537 105 554 100 568 
177 447 205 483 223 514 240 537 260 551 181 539 171 569 175 558 179 544 158 531 153 561 160 551 165 538 139 521 134 551 140 543 146 531 123 510 109 540 100 557 96 571 
175 450 204 485 222 515 240 539 260 553 180 540 169 571 174 560 179 545 156 533 152 561 159 551 164 538 137 522 133 551 140 543 146 530 121 511 107 541 99 559 94 573 
175 450 204 484 222 515 239 539 258 553 179 540 168 572 174 560 178 546 156 532 151 562 158 552 163 539 137 522 132 551 139 544 145 531 121 511 107 540 98 558 93 572 
174 450 203 485 220 516 238 540 258 554 178 540 168 572 173 560 178 546 155 533 151 562 157 552 162 539 135 522 131 552 138 544 144 531 120 511 105 541 97 559 92 572 
173 450 202 485 220 516 237 540 257 554 177 541 167 573 172 561 177 547 154 534 150 563 156 553 161 539 135 523 130 552 137 545 143 532 119 512 105 541 96 559 91 574 
172 451 201 486 219 516 236 541 256 555 177 541 166 573 171 561 176 547 153 534 149 563 155 553 160 540 134 523 129 552 136 545 142 532 118 512 104 542 96 559 91 573 
172 452 200 487 218 518 235 542 255 557 175 542 165 574 170 562 175 548 152 534 148 564 155 554 159 541 132 523 128 553 136 546 142 533 117 513 103 542 95 560 90 574 
170 453 199 488 216 519 233 543 253 557 173 543 163 574 169 563 174 548 150 535 146 565 154 555 158 541 131 524 127 554 135 547 140 534 116 514 101 543 93 560 88 574 
169 454 197 489 215 520 231 544 251 558 172 544 161 575 166 564 171 549 148 537 144 565 151 556 156 542 129 526 124 554 132 547 138 535 114 515 99 543 90 561 86 574 
166 455 194 491 211 521 228 546 248 560 167 544 158 576 163 565 168 550 144 537 140 566 147 557 152 543 125 526 121 556 128 549 135 536 111 515 95 544 86 561 82 575 
163 456 190 492 207 523 224 547 243 562 164 546 153 578 159 566 165 552 140 538 136 567 144 558 149 544 122 527 117 556 125 550 131 537 107 516 92 544 83 561 78 575 
160 457 187 494 203 525 219 549 239 564 158 546 149 579 156 567 161 553 135 538 132 569 140 559 145 545 117 527 113 558 121 551 127 538 103 516 87 544 78 561 73 575 
155 458 182 496 198 526 214 551 234 567 153 549 144 580 151 569 156 554 130 540 127 570 135 561 140 547 112 528 107 558 115 552 121 540 98 517 82 545 73 561 68 574 
152 460 179 497 195 528 211 552 230 568 148 549 139 582 146 571 152 556 126 540 122 571 131 562 136 548 108 528 103 559 112 553 118 541 94 516 78 544 68 561 63 574 
150 459 175 496 190 527 207 552 226 568 145 549 135 582 143 571 148 557 122 540 119 571 127 562 133 549 104 528 100 559 109 553 115 541 91 517 74 545 65 561 59 574 
146 461 172 497 188 527 204 552 222 568 141 550 132 582 140 572 145 557 119 541 116 571 124 562 130 548 101 529 97 559 106 552 112 540 87 517 71 545 62 562 57 575 
144 460 169 496 184 526 201 550 220 566 138 549 130 582 138 571 143 556 115 540 114 570 123 561 127 547 98 529 95 558 104 552 110 540 84 517 69 546 60 562 55 575 
142 460 167 494 183 524 200 548 219 563 137 548 131 581 139 570 144 555 114 539 114 570 122 561 126 547 96 528 95 558 104 552 110 540 83 517 68 546 60 562 55 575 
142 459 168 492 183 522 199 546 218 562 138 548 132 581 140 569 144 554 114 540 114 570 122 560 126 547 96 529 95 559 104 552 109 540 82 517 69 547 62 563 57 577 
144 456 170 489 185 518 201 543 220 557 141 544 137 578 144 566 147 551 117 537 118 568 126 558 129 544 98 527 99 557 108 550 113 538 84 516 73 547 67 564 63 577 
145 456 171 488 186 516 202 539 221 553 142 544 140 577 147 565 150 550 119 537 121 567 129 557 131 544 100 527 101 557 109 551 114 539 86 516 76 546 71 563 69 576 
146 455 173 485 189 513 205 537 224 551 146 542 145 576 152 564 154 548 122 536 127 566 134 556 136 542 104 527 106 556 115 549 119 537 89 516 80 547 76 563 75 575 
147 453 174 483 191 510 207 534 227 546 150 540 151 575 157 562 159 547 126 535 132 565 139 555 140 541 107 526 111 556 120 548 124 536 93 516 86 548 83 564 82 576 
149 452 176 480 193 506 209 530 228 541 154 539 158 573 164 560 165 545 130 535 139 564 145 554 146 541 111 527 118 556 127 548 130 536 97 518 91 549 90 564 90 575 
151 452 180 478 197 503 212 526 229 538 159 539 165 570 171 558 172 544 135 535 145 563 152 553 154 539 116 527 125 554 134 546 137 534 102 517 97 547 97 563 98 574 
154 451 183 477 199 502 214 524 231 536 162 538 168 568 173 556 174 541 138 534 148 561 155 551 156 537 119 526 128 553 136 545 140 532 105 517 101 547 101 563 102 573 
156 450 186 475 203 500 218 523 235 535 165 536 172 566 177 554 177 539 142 533 153 559 159 548 160 535 123 526 132 551 141 543 144 531 109 516 105 546 105 562 107 573 
157 449 188 473 205 497 220 520 236 533 170 534 177 563 182 551 182 537 146 532 159 557 164 546 165 533 127 525 138 550 146 542 149 529 113 517 110 546 110 562 112 572 
159 447 189 469 207 493 220 517 234 530 174 533 185 560 189 547 188 534 151 532 166 555 172 544 172 531 132 526 145 549 154 541 156 528 118 517 116 547 117 562 119 571 
158 445 194 466 209 489 217 513 227 527 177 530 194 555 198 540 196 526 154 529 176 551 182 539 180 526 136 523 155 547 163 537 163 525 123 516 125 547 128 562 133 572 
159 442 195 462 210 486 216 510 219 524 179 527 201 550 204 533 200 521 157 526 183 547 188 534 185 523 139 521 161 544 169 533 168 522 126 515 131 548 137 564 143 575 
157 441 195 460 209 483 216 506 217 519 180 526 207 543 209 526 202 515 158 526 190 541 194 527 188 516 142 522 169 539 175 528 172 518 130 516 138 546 144 560 149 568 
157 440 193 455 207 479 213 501 215 515 182 524 212 538 214 521 207 510 161 526 196 537 200 523 193 512 145 522 177 536 184 525 179 514 136 515 146 544 152 555 157 562 
154 439 190 450 204 471 209 494 210 508 185 519 215 531 215 514 207 504 165 524 199 533 202 520 195 510 150 522 180 535 186 524 182 514 140 517 152 544 159 553 164 558 
151 438 186 446 198 465 204 488 210 503 185 510 218 524 217 507 207 497 168 520 203 529 206 516 199 506 155 522 186 536 191 524 187 514 147 520 160 545 169 550 173 550 
148 439 181 442 193 458 200 479 204 493 183 504 219 515 219 498 207 489 170 518 210 525 212 511 202 503 160 523 197 535 201 522 194 513 155 523 177 544 185 540 183 534 
148 437 164 461 177 485 191 495 202 496 162 524 204 531 209 515 199 506 165 521 214 526 215 508 202 501 172 512 219 519 218 499 204 490 183 499 218 507 216 493 203 483 
148 435 174 449 181 467 182 480 186 489 170 508 207 516 218 502 218 492 170 511 219 512 224 490 215 476 173 508 219 507 224 483 215 469 178 501 211 509 221 501 219 494 
148 439 172 441 175 454 174 468 174 475 173 504 213 502 219 483 216 472 173 512 222 498 223 474 213 460 176 512 224 499 222 472 211 457 181 508 216 513 225 507 227 502 
151 439 165 438 167 446 166 459 160 468 174 499 216 491 214 466 204 458 176 506 223 492 216 466 203 456 181 507 222 492 214 466 204 457 186 504 211 517 224 522 237 530 
153 443 154 436 153 441 152 453 147 461 170 493 209 488 211 467 205 458 177 500 219 487 212 461 201 451 184 501 218 488 212 463 202 455 190 500 213 501 219 492 220 489 
153 450 153 441 152 445 147 458 135 469 168 496 213 488 211 464 200 454 176 503 219 487 211 461 198 452 183 503 217 487 211 465 201 458 191 501 213 508 222 509 230 515 
155 449 152 443 150 447 144 460 133 469 168 497 212 485 210 461 200 450 175 503 216 485 208 459 197 449 183 503 214 486 208 462 201 453 190 501 211 515 224 523 238 533 
156 447 151 441 148 446 141 459 130 468 166 495 209 481 209 457 201 445 174 503 213 482 208 458 198 446 181 503 214 487 211 465 204 456 188 500 208 515 223 521 238 529 
154 445 149 440 146 446 136 459 124 468 167 497 209 480 209 456 203 443 174 504 212 480 208 457 199 444 181 502 212 483 210 460 203 451 187 497 208 512 223 520 237 528 
152 444 147 439 144 445 133 458 120 467 166 496 209 478 207 454 199 442 174 502 212 479 207 455 198 443 180 501 212 480 209 458 202 449 186 495 208 510 223 517 237 525 
152 442 146 437 142 443 131 457 115 465 165 495 208 474 206 451 198 439 173 501 211 476 206 453 197 441 180 499 212 478 208 455 202 446 187 493 208 508 223 514 237 521 
150 441 143 437 139 442 128 455 114 463 164 493 207 472 204 449 196 436 173 499 210 474 204 450 195 438 180 497 212 475 207 453 200 444 187 491 209 505 224 511 238 517 
154 441 146 436 139 441 126 453 110 460 164 491 204 469 202 446 194 433 173 498 209 471 202 447 194 435 181 497 212 473 207 452 201 442 189 491 210 503 223 509 238 514 
152 441 141 436 133 439 123 450 108 459 165 488 205 464 204 442 199 428 174 495 209 466 203 442 196 430 182 494 211 469 207 447 202 438 189 489 211 502 226 507 240 512 
152 439 141 435 131 438 120 449 105 456 163 486 202 461 202 438 196 424 173 493 207 462 202 438 196 425 182 493 212 467 208 444 202 433 190 487 211 500 225 504 240 509 
147 438 136 432 127 436 117 447 103 456 162 483 202 457 202 434 197 420 172 492 206 459 202 435 196 421 180 491 211 465 207 442 201 431 188 486 210 498 225 501 239 504 
146 434 135 429 125 434 114 446 99 454 161 481 201 454 199 431 193 417 171 489 205 457 198 434 191 421 179 489 210 462 204 440 197 430 187 483 210 495 225 498 240 501 
141 432 130 426 121 432 110 444 95 453 159 480 199 450 197 428 190 414 170 488 204 455 197 431 190 417 178 486 210 459 204 437 197 426 185 480 210 491 225 494 239 496 
138 428 127 423 118 430 106 442 90 451 159 477 198 447 194 425 185 412 170 484 204 451 195 428 186 416 179 482 210 455 202 433 194 423 186 476 210 486 225 488 240 491 
138 423 126 420 117 427 103 440 86 449 158 474 197 445 190 422 181 411 169 480 203 449 193 426 184 415 178 478 209 453 200 431 190 422 185 472 210 481 225 483 240 485 
135 421 123 417 114 426 100 440 82 451 158 472 196 441 189 419 179 408 169 478 203 446 192 423 182 411 177 476 208 449 198 427 189 417 184 468 209 478 224 480 240 484 
134 417 120 415 110 425 97 440 79 451 158 470 193 439 186 416 176 405 170 475 201 443 190 420 179 408 179 471 208 446 197 424 187 414 185 463 209 473 225 474 240 477 
136 415 123 414 110 424 94 439 74 452 155 467 189 437 182 414 173 402 169 472 198 439 186 415 173 405 180 469 206 441 194 419 182 411 187 461 211 469 226 470 241 473 
135 413 121 411 108 423 92 439 70 453 152 468 184 435 177 412 168 399 168 473 193 436 181 412 168 401 179 468 202 436 190 415 179 407 186 459 209 465 225 465 239 467 
135 411 119 411 105 423 89 439 65 452 150 467 178 434 172 410 165 396 167 472 188 432 176 409 165 399 178 467 198 433 187 412 176 404 185 456 207 460 223 460 238 461 
134 410 116 411 102 424 86 442 61 456 145 469 171 433 165 408 158 395 163 473 183 431 171 407 160 398 175 467 194 431 183 410 172 402 182 456 203 460 218 458 233 456 
138 409 119 411 102 425 85 442 60 456 141 468 168 433 164 409 158 399 161 473 182 428 171 407 160 398 175 468 194 429 183 410 173 404 184 458 205 459 220 456 235 455 
140 409 120 414 102 429 85 444 59 457 140 467 168 434 163 411 156 401 161 473 182 427 171 407 160 401 175 469 195 430 183 412 171 408 186 459 206 458 221 456 237 455 
139 408 120 413 102 429 85 445 58 457 142 469 170 434 165 411 156 401 162 474 185 426 172 405 160 400 176 470 196 429 183 410 170 407 186 459 206 457 220 454 236 453 
141 408 120 413 103 428 86 444 61 457 142 467 170 433 165 410 157 400 162 473 185 425 173 404 161 398 177 469 197 429 185 410 173 406 187 459 207 457 222 453 238 451 
142 408 122 412 104 427 87 443 61 456 142 467 172 434 166 411 157 403 163 474 187 427 175 405 162 402 178 471 199 430 186 412 173 409 189 461 209 458 223 453 238 452 
145 407 124 411 105 426 87 442 61 454 142 468 172 435 166 412 156 406 162 475 187 427 175 406 161 405 178 472 199 431 186 413 172 412 190 462 209 458 222 453 236 451 
144 406 124 410 105 425 87 441 60 453 142 469 172 438 164 417 151 415 162 476 187 430 173 411 159 413 179 474 200 434 186 417 172 418 191 464 211 459 223 453 235 451 
145 405 125 408 106 424 88 440 61 452 142 468 173 437 165 417 152 416 163 475 188 430 174 411 160 414 180 474 201 435 188 418 174 420 193 465 213 458 224 452 234 450 
145 403 126 408 107 423 88 438 63 451 144 467 174 435 165 416 152 416 165 475 189 428 174 411 159 415 182 473 202 433 189 418 174 421 194 464 214 457 224 450 234 449 
144 402 126 406 107 422 89 437 64 450 145 466 176 434 166 415 152 417 166 473 191 428 177 411 162 416 183 472 205 433 191 418 177 421 195 464 216 455 225 447 233 446 
146 401 128 405 109 420 90 436 65 448 146 464 179 433 168 415 154 416 166 472 194 429 178 412 162 417 183 471 207 434 193 419 178 423 195 464 216 455 224 448 231 447 
146 400 129 403 110 418 91 434 66 446 146 464 178 432 168 414 154 418 166 472 194 428 179 412 163 418 183 471 208 433 194 418 179 423 195 464 217 453 224 445 229 444 
145 400 129 403 110 418 91 433 66 444 146 464 178 432 168 416 155 420 166 472 193 429 178 413 164 420 183 470 207 434 194 420 180 425 195 463 216 452 221 444 224 444 
147 399 131 401 111 416 92 430 67 441 147 462 177 432 168 416 156 419 166 469 193 430 179 414 165 420 183 468 207 435 195 420 182 425 196 462 217 451 221 443 224 441 
146 398 131 399 111 413 92 428 68 439 146 460 176 432 168 416 156 419 166 468 192 430 179 414 165 420 183 467 206 434 195 420 182 424 195 460 216 451 221 441 223 439 
148 396 133 397 112 411 93 425 69 435 145 458 176 431 168 415 155 419 164 466 193 430 179 414 165 420 181 466 208 435 196 420 182 425 194 460 216 450 217 441 216 439 
150 396 133 396 113 410 94 423 70 433 145 456 175 427 166 412 154 416 165 464 192 426 179 412 167 418 182 464 206 432 195 418 183 422 195 459 216 448 216 437 213 435 
154 397 134 395 114 408 95 420 71 429 145 453 171 426 166 412 156 415 165 461 188 427 177 413 166 419 182 462 202 432 193 419 183 423 195 457 215 445 215 435 211 433 
157 396 136 392 115 403 96 415 72 425 144 450 169 419 163 406 154 411 163 459 188 422 177 409 165 417 181 460 202 428 193 415 182 420 194 456 214 441 213 430 208 429 
164 390 141 382 119 394 100 407 77 417 146 437 172 406 166 395 155 402 166 448 192 408 180 397 167 408 183 450 205 415 194 404 183 412 196 448 217 431 213 420 207 420 
170 387 144 380 121 390 103 403 78 413 149 435 174 400 166 389 154 397 169 445 193 403 182 393 169 404 186 448 206 410 196 400 185 407 200 445 219 425 214 415 208 415 
176 383 148 375 123 386 105 398 82 408 150 428 174 398 170 385 162 392 170 439 195 400 185 389 173 399 187 441 208 407 198 396 188 403 202 439 221 421 217 410 210 410 
180 381 151 372 125 382 106 395 83 405 151 423 177 392 172 379 161 386 171 434 197 392 186 382 174 392 190 437 209 400 199 390 190 397 206 434 223 416 219 405 215 406 
184 378 154 368 127 378 108 391 85 403 151 419 177 388 174 375 165 381 172 430 198 387 188 377 176 386 191 432 210 396 201 386 192 393 207 429 224 414 222 403 219 402 
190 375 159 366 130 376 108 388 84 397 150 415 177 383 176 371 168 376 171 427 198 384 190 374 179 381 191 430 211 392 203 382 196 387 209 427 226 411 224 399 222 397 
195 375 163 364 132 375 109 385 85 393 151 412 173 383 175 372 170 378 173 423 194 384 189 374 180 380 194 426 209 391 203 381 198 387 212 423 226 407 224 395 221 393 
192 377 160 365 131 374 110 384 86 392 151 411 173 379 174 369 170 374 173 423 193 380 188 372 181 378 193 425 209 388 202 379 197 384 211 421 225 405 224 393 223 389 
192 374 162 363 132 372 110 382 86 389 152 409 171 379 174 369 172 374 174 421 192 381 188 372 181 378 194 423 208 388 203 378 198 384 212 419 226 402 225 391 224 388 
192 372 161 361 132 371 110 381 86 389 152 407 173 376 176 367 174 371 174 419 195 377 190 369 182 375 194 421 210 385 203 376 198 381 212 417 226 400 225 389 224 385 
191 371 161 360 132 369 111 380 86 387 152 406 174 373 176 364 172 370 174 418 196 375 189 367 181 374 194 419 211 382 204 374 198 381 212 416 227 398 225 388 223 386 
191 371 161 360 132 369 111 378 86 385 151 405 174 373 176 363 172 368 173 417 196 374 190 365 181 372 193 419 211 382 204 373 198 379 212 416 226 399 225 388 223 385 
190 369 160 358 131 368 110 378 85 385 151 405 173 372 175 362 171 368 173 416 194 373 188 364 181 371 193 418 210 381 202 372 197 378 211 415 226 397 224 386 223 383 
190 370 160 359 131 368 109 377 85 383 151 404 172 370 174 361 170 368 173 415 193 372 187 364 180 372 194 417 209 379 202 371 197 378 212 414 225 396 223 385 222 383 
191 369 160 358 131 366 109 375 84 382 150 403 172 369 173 359 170 365 172 414 192 371 187 362 180 369 193 417 208 379 202 370 197 375 211 414 224 396 223 385 223 382 
189 368 159 356 130 364 108 374 84 380 150 401 171 368 173 358 170 363 172 412 192 370 187 361 180 367 193 415 207 377 201 368 197 373 211 412 224 394 224 383 225 380 
188 366 159 354 131 362 110 371 85 378 153 398 175 364 176 355 172 361 175 410 196 367 189 359 182 365 195 413 210 376 203 367 199 372 212 410 225 393 225 383 225 380 
188 365 159 352 132 360 111 369 84 375 153 397 177 361 177 352 172 358 174 409 199 362 191 354 182 361 195 412 212 370 204 362 198 369 212 409 227 388 226 377 225 376 
188 365 159 351 133 358 112 367 84 373 154 395 179 360 178 351 173 356 175 408 200 361 192 353 183 360 195 411 212 369 204 361 198 367 212 408 228 388 228 378 229 375 
191 363 161 349 134 356 113 364 85 370 155 393 182 356 180 348 173 354 177 406 202 358 193 350 183 358 197 409 215 367 206 358 200 365 214 406 230 385 231 375 233 373 
192 361 163 346 136 353 115 361 88 366 157 392 185 358 184 347 179 351 177 407 204 360 197 350 188 355 197 411 216 369 210 358 204 362 213 408 231 389 236 378 239 375 
196 362 167 345 140 350 118 358 91 363 158 391 190 357 187 346 179 351 178 406 209 359 200 349 189 356 198 411 219 370 212 359 205 364 215 409 234 392 238 381 242 378 
194 366 170 347 146 345 126 349 100 353 162 390 199 361 195 349 185 351 180 409 218 363 208 352 193 358 198 416 226 376 217 366 207 370 213 417 237 400 241 391 244 390 
193 371 174 349 150 344 130 345 106 347 164 389 201 365 195 352 184 352 180 409 220 370 209 358 192 362 197 418 228 383 218 372 206 376 212 419 237 405 242 396 242 395 
192 371 174 348 151 342 132 342 109 343 165 389 204 369 199 355 187 354 180 410 223 375 212 361 194 365 195 419 230 388 219 376 205 380 209 422 238 409 240 400 238 399 
179 369 167 345 148 337 132 338 113 339 162 388 205 374 202 357 190 355 175 410 223 381 214 364 195 366 189 420 229 395 223 380 208 381 201 424 235 414 242 405 241 404 
165 348 163 334 154 329 143 332 129 332 163 390 214 377 211 360 195 356 171 411 225 385 217 367 202 366 183 421 228 401 226 385 215 384 194 424 228 422 237 416 240 417 
153 356 162 338 162 334 158 338 146 338 165 387 217 381 215 364 202 358 167 407 223 391 218 374 205 369 173 417 221 411 220 396 212 390 180 421 210 429 224 430 235 432 
150 360 163 341 164 335 160 337 150 336 166 383 217 380 209 364 194 359 167 405 222 395 214 378 200 374 172 418 221 415 218 400 208 393 177 424 210 434 224 433 234 433 
143 357 159 339 165 336 167 341 165 346 167 383 217 382 213 367 200 362 165 406 221 400 218 384 206 379 168 419 219 419 220 405 212 397 173 425 205 437 221 437 231 436 
147 354 161 337 168 334 167 339 159 341 169 384 219 385 216 368 204 363 166 406 219 403 217 388 206 382 167 419 216 421 217 408 209 402 171 425 201 441 215 444 225 444 
142 348 161 334 172 333 178 342 177 349 174 380 221 389 225 375 220 367 168 402 220 406 225 391 218 384 166 414 213 424 222 412 220 404 166 420 194 439 209 444 221 445 
144 348 162 335 175 333 183 342 181 349 177 382 221 390 225 377 219 370 170 404 222 407 225 393 217 386 167 416 214 424 221 412 217 405 166 422 195 441 210 445 222 445 
144 347 162 333 177 329 186 334 184 338 180 382 224 393 225 380 218 371 172 403 221 410 223 397 214 390 166 415 212 426 217 415 211 407 165 421 193 442 208 447 218 446 
144 348 164 337 180 333 191 335 192 334 184 384 225 398 225 386 217 377 174 405 220 414 221 401 211 393 167 416 210 429 214 418 207 410 164 422 191 443 206 448 215 448 
146 349 169 342 186 339 195 335 196 324 186 386 226 401 226 388 217 379 175 406 221 416 221 403 211 397 167 417 208 430 212 419 204 411 162 423 189 443 204 448 213 449 
148 350 170 342 187 339 200 338 205 329 187 387 227 404 228 392 221 382 175 406 219 419 221 406 212 398 166 417 206 432 210 421 205 413 161 423 186 444 200 450 210 452 
150 349 175 343 193 342 207 341 212 331 189 388 228 407 228 395 220 385 175 406 218 422 219 409 210 401 165 416 203 434 207 423 201 414 159 423 183 445 196 451 206 454 
153 350 179 347 199 347 214 345 220 333 191 392 230 411 228 399 219 389 177 408 217 423 216 411 206 402 165 417 201 434 204 423 197 414 157 423 180 447 193 454 203 457 
155 353 183 353 206 356 223 352 232 337 193 397 229 420 227 408 218 397 176 411 212 430 212 419 203 410 162 419 195 440 199 430 192 419 154 424 174 450 186 459 195 464 
158 354 187 355 211 359 229 358 239 345 196 401 227 427 225 414 215 402 177 414 209 436 210 424 202 414 162 421 192 444 195 434 189 423 152 425 170 453 181 462 190 468 
159 356 189 358 213 364 233 364 247 354 197 403 226 433 223 420 214 408 177 415 206 441 206 430 200 419 160 421 188 447 191 438 186 426 149 425 165 454 175 465 184 473 
160 356 190 361 215 370 235 371 252 360 198 407 223 439 221 427 213 415 177 417 201 445 202 433 197 423 159 421 182 451 185 441 180 429 146 424 159 455 168 468 176 477 
160 358 191 366 216 376 237 380 256 369 198 412 221 445 219 434 212 421 176 421 199 450 201 439 196 428 158 425 180 455 184 445 179 433 145 427 156 458 164 471 170 480 
160 361 192 370 217 383 239 388 259 378 198 416 217 451 217 440 210 428 176 424 197 455 198 444 194 433 157 428 177 459 181 450 178 438 143 429 153 461 160 474 166 484 
161 364 193 374 218 388 240 393 261 385 198 422 215 458 215 447 209 434 175 429 194 460 196 449 193 438 156 431 174 464 179 454 176 443 141 432 149 464 155 479 161 491 
160 367 193 378 218 393 240 400 261 392 198 427 212 463 213 452 208 439 175 433 192 465 194 454 191 442 154 435 171 468 176 459 174 447 139 435 146 468 151 484 156 496 
160 372 193 384 218 400 240 407 261 400 198 432 209 470 210 459 205 445 174 437 188 470 190 459 188 446 153 438 167 472 172 463 172 451 137 438 142 472 146 488 151 500 
160 374 193 389 217 406 239 414 261 408 196 437 205 476 205 465 202 450 172 441 184 475 186 464 185 451 151 441 163 475 168 467 168 455 135 440 138 474 140 491 145 504 
160 378 192 394 217 412 239 421 261 417 195 442 201 482 201 470 199 456 171 445 180 480 182 469 182 456 150 445 159 479 164 470 164 459 133 443 134 477 136 494 140 508 
158 380 191 398 215 417 237 427 260 424 193 447 197 486 197 474 195 460 169 449 176 484 178 472 178 459 147 448 155 482 159 473 160 461 130 446 131 480 132 498 135 512 
158 384 190 403 214 424 236 434 261 431 191 452 193 491 192 479 191 465 166 453 172 488 174 476 174 463 145 451 151 485 154 476 155 464 127 448 126 483 127 501 130 515 
156 386 188 407 212 428 234 440 258 438 188 456 188 495 188 483 187 469 164 457 167 491 169 479 171 466 142 454 147 488 150 478 152 466 125 451 122 485 122 503 124 518 
155 389 187 411 210 433 232 446 257 445 186 461 185 499 184 487 184 473 162 461 164 494 166 482 167 469 140 458 143 491 146 482 148 470 122 454 119 488 118 506 119 521 
154 391 185 415 209 438 230 452 255 452 183 465 180 503 180 492 180 478 159 464 160 498 162 486 164 473 137 460 139 494 143 486 145 474 120 456 115 490 114 508 115 523 
153 395 184 419 207 444 228 458 252 458 181 470 176 508 175 496 176 482 156 468 155 501 157 489 160 476 135 464 134 497 137 488 140 476 117 458 111 492 109 511 110 525 
152 398 183 424 204 449 224 464 248 466 178 475 170 512 170 500 171 486 154 472 149 506 152 494 156 481 132 466 129 500 133 491 137 480 115 460 107 494 103 513 104 527 
151 402 181 429 202 454 222 470 246 473 175 479 166 516 165 505 167 491 151 476 146 509 149 497 152 485 129 470 125 503 129 494 134 483 112 464 103 497 99 515 99 531 
149 407 179 434 200 460 219 476 244 479 171 484 161 521 162 509 165 495 147 480 141 513 145 501 149 488 126 473 121 506 126 497 131 486 109 466 99 500 95 518 95 533 
149 409 178 437 198 463 217 480 241 485 170 488 157 525 157 513 160 499 145 484 138 516 141 504 145 492 124 477 117 509 122 500 127 489 107 469 96 503 92 520 90 535 
147 412 176 441 196 467 215 485 240 489 167 491 155 528 156 515 159 502 142 487 135 519 139 507 144 494 122 479 116 512 120 502 125 490 104 472 94 506 89 524 87 539 
147 415 175 444 194 470 213 488 237 493 165 495 152 531 154 518 157 505 140 490 133 522 137 509 142 497 119 483 114 514 118 504 123 492 102 475 92 508 87 527 85 542 
145 417 174 445 194 471 213 491 237 498 164 497 152 534 153 521 156 506 140 493 133 524 137 511 141 498 118 485 113 516 118 506 123 494 101 478 91 510 86 529 84 544 
143 420 173 449 194 475 213 497 234 510 162 500 151 537 153 524 157 510 138 495 132 528 136 515 141 501 117 488 113 520 118 510 123 498 100 481 90 514 86 532 84 548 
142 421 173 450 194 476 214 498 235 511 163 502 152 538 153 525 157 511 138 497 132 529 136 516 140 503 117 489 112 522 117 512 122 500 99 482 90 515 85 534 84 549 
142 421 173 450 194 477 214 499 234 513 163 502 152 540 153 526 157 512 138 497 132 531 136 518 140 504 117 489 112 523 117 513 122 501 99 482 90 516 85 535 84 550 
142 421 173 451 194 478 214 500 233 514 162 502 151 540 153 527 156 512 137 497 131 531 135 518 140 505 116 490 111 524 116 514 121 502 98 482 89 517 84 535 83 550 
141 421 172 451 193 478 213 501 232 516 162 502 151 540 152 527 156 513 137 498 131 532 135 519 139 505 116 490 111 525 116 515 121 503 98 483 88 517 84 536 82 551 
140 423 171 452 193 479 212 502 231 516 160 503 150 541 152 528 156 514 135 499 131 533 135 520 139 506 114 491 110 526 116 517 121 504 97 484 87 518 83 537 82 552 
139 423 171 453 192 480 212 504 229 519 160 503 150 542 152 529 155 514 135 499 130 533 134 521 138 506 114 492 110 526 115 517 120 504 96 485 87 519 83 537 82 552 
138 423 170 453 191 481 208 507 224 525 159 504 150 542 152 530 155 515 135 499 131 534 135 521 139 507 113 492 110 528 116 518 120 505 96 485 87 520 83 538 81 552 
138 425 169 455 190 483 206 509 221 527 159 504 150 543 152 530 155 515 135 500 131 534 135 521 139 508 113 492 110 528 115 518 120 505 95 485 87 520 83 538 82 553 
138 426 169 455 189 484 205 510 219 528 158 503 151 543 151 530 154 516 134 498 131 534 135 522 139 508 113 492 111 528 116 519 120 506 96 485 88 520 84 538 83 553 
138 427 169 455 188 484 205 511 219 529 159 502 151 543 152 530 155 516 135 497 132 534 136 522 139 508 114 491 112 528 117 518 121 506 96 485 88 520 85 538 84 553 
138 427 169 455 189 484 205 511 218 530 159 502 151 541 152 529 155 515 135 497 132 533 136 521 140 508 113 490 112 527 116 518 121 505 96 484 88 519 85 537 84 552 
138 426 169 455 188 483 205 511 219 530 159 501 152 541 153 529 155 515 135 497 132 533 136 521 140 507 114 490 112 527 117 518 121 505 96 484 89 519 86 537 85 552 
138 427 168 455 188 483 205 510 219 529 159 500 153 541 153 529 156 515 135 496 133 533 137 521 140 507 114 490 113 527 118 518 122 505 96 483 89 518 86 537 85 552 
138 426 169 454 188 482 205 509 220 528 159 500 153 540 153 528 156 514 135 496 133 532 137 520 140 507 114 489 113 526 117 517 122 504 96 483 89 518 87 536 86 551 
138 426 169 453 189 482 206 509 221 527 159 500 152 540 154 528 156 514 134 496 133 532 137 520 141 506 113 490 113 526 118 517 122 504 96 483 89 518 86 537 86 551 
138 426 169 454 189 482 206 508 221 526 159 500 152 540 153 527 156 513 135 495 133 532 137 519 140 506 114 489 113 526 117 516 121 503 96 483 89 518 86 536 86 550 
138 425 169 453 189 482 206 508 222 526 159 499 152 539 153 527 156 513 135 494 132 531 136 519 140 505 113 488 112 525 117 516 121 503 96 482 89 517 85 536 85 550 
138 424 169 453 189 481 206 507 222 525 159 499 152 539 153 527 156 513 135 494 132 531 136 519 140 505 114 488 112 525 117 516 121 503 96 482 89 517 86 535 85 550 
139 424 169 453 189 481 207 506 222 524 159 499 151 539 152 526 155 512 135 494 131 531 136 518 140 505 113 487 111 525 116 515 121 503 96 481 88 516 84 534 84 548 
140 423 170 453 190 482 207 508 223 526 162 498 150 538 150 525 153 511 138 492 131 529 134 516 139 503 116 484 111 521 115 512 120 499 97 476 87 511 83 530 82 544 
143 420 171 452 189 482 207 508 225 526 165 496 150 536 150 524 153 511 141 489 131 527 134 515 139 502 119 481 112 519 116 510 121 497 101 473 88 508 82 526 80 540 
146 420 174 452 192 482 211 507 229 525 169 494 152 535 152 522 156 508 146 487 133 525 136 513 141 500 124 478 114 516 118 507 123 495 106 471 91 505 85 522 83 536 
150 419 177 450 196 481 216 507 235 523 176 491 155 532 156 519 161 505 153 483 136 522 139 511 145 499 131 475 119 511 122 502 127 490 112 467 97 501 91 518 88 530 
155 418 182 447 202 478 221 503 242 518 184 487 161 528 161 514 166 501 161 479 142 519 144 507 151 495 140 471 125 508 127 498 132 486 120 464 106 499 100 516 97 527 
160 417 187 444 208 475 228 499 248 513 193 483 169 524 168 510 174 497 170 476 150 515 152 503 158 492 148 468 133 504 134 494 140 482 128 462 114 496 109 512 106 525 
165 415 192 441 213 472 234 497 255 510 202 480 177 521 174 507 180 495 180 472 158 512 158 501 165 490 157 465 141 501 141 491 146 479 137 459 123 492 117 509 115 522 
171 416 197 440 219 471 239 494 262 505 208 478 183 518 181 505 188 493 185 470 164 509 165 498 171 487 163 462 148 499 147 488 152 477 143 457 129 490 123 507 121 520 
174 415 200 438 222 468 243 491 266 502 212 476 187 517 185 504 193 492 189 468 168 508 170 497 177 486 167 460 152 498 153 488 158 476 147 455 134 489 128 505 126 518 
176 415 203 437 225 467 245 490 268 501 213 475 190 516 189 502 196 490 191 467 171 508 173 496 179 485 169 459 155 497 156 487 161 475 149 453 136 487 132 504 130 518 
177 415 203 437 226 467 246 489 269 500 215 474 191 515 190 502 197 490 192 466 172 508 174 495 180 484 169 459 156 497 157 486 162 475 149 453 138 488 134 505 133 519 
177 415 204 436 226 466 246 489 269 500 215 475 191 515 190 502 197 490 192 467 172 508 173 496 180 485 169 459 156 498 157 486 161 475 149 454 138 488 133 505 132 519 
176 416 203 436 225 466 246 489 269 499 215 475 190 515 189 501 196 490 192 467 171 508 173 495 179 484 169 459 155 498 156 486 161 474 149 454 137 488 133 504 131 518 
175 416 202 436 225 465 246 488 269 499 215 474 190 514 188 500 196 488 192 466 171 507 172 494 178 483 169 459 154 497 155 485 159 473 148 454 137 488 133 505 132 520 
174 414 201 435 225 464 246 486 269 496 214 471 191 512 189 499 196 487 191 464 172 506 173 494 179 482 169 457 156 496 157 485 160 473 148 453 139 487 135 504 134 519 
174 414 201 433 225 461 247 483 271 493 215 469 193 511 190 498 196 486 193 462 175 505 175 493 180 481 170 456 159 495 158 484 161 473 150 452 142 486 138 503 137 518 
175 413 203 432 227 460 248 481 272 491 217 467 195 509 192 496 198 484 195 460 177 503 176 491 182 480 173 454 161 494 160 483 163 472 152 450 144 485 142 502 140 516 
177 411 205 429 229 456 250 477 273 487 218 464 197 506 194 494 200 482 196 458 179 500 179 489 184 478 174 453 164 492 163 482 166 471 154 449 148 484 146 501 146 515 
176 412 204 429 228 457 250 477 273 487 218 464 197 506 194 493 200 482 195 457 179 501 178 489 183 477 173 451 164 492 163 481 166 470 153 447 148 483 146 499 146 513 
177 413 204 429 229 456 250 477 273 486 218 464 197 506 194 493 200 481 195 458 179 500 179 488 184 477 173 452 163 492 164 480 167 469 153 448 147 483 146 499 145 513 
176 412 204 430 228 456 249 477 273 486 216 463 196 505 193 493 199 481 194 457 178 500 178 489 182 477 172 451 163 492 163 481 166 469 152 448 147 483 146 499 146 513 
175 412 203 429 227 456 248 477 272 487 215 465 195 506 193 494 199 483 193 458 178 501 177 489 181 478 171 452 162 493 162 481 165 469 151 448 146 484 146 500 146 513 
175 412 203 430 227 457 248 478 271 487 214 463 195 506 193 495 198 483 191 457 178 501 177 489 181 478 169 451 162 493 162 482 165 471 150 448 146 484 146 501 147 514 
174 412 202 429 226 457 247 478 270 488 213 464 194 507 192 495 197 484 190 458 177 502 177 490 181 478 168 453 161 494 162 483 164 471 149 449 145 486 146 502 146 515 
174 413 202 431 226 457 247 479 270 489 212 467 193 508 191 496 197 485 189 460 176 503 176 490 180 479 168 454 160 494 161 483 164 471 149 450 145 487 145 504 146 517 
174 413 202 431 226 458 247 480 270 490 212 467 193 509 192 497 197 485 189 461 176 504 177 492 181 480 167 455 160 496 162 484 164 472 148 452 144 489 145 506 146 520 
173 413 201 431 225 459 246 480 270 491 211 468 193 510 192 499 197 487 188 463 177 506 177 493 181 481 167 457 160 499 162 487 165 475 148 454 144 492 144 509 146 523 
172 415 202 434 226 461 247 482 270 492 209 471 193 513 192 501 198 489 186 466 176 508 178 496 182 484 165 461 160 502 163 490 165 478 146 458 142 496 143 513 145 527 
171 417 201 437 225 464 247 485 271 497 210 474 194 516 192 505 197 492 187 470 177 512 178 500 182 488 166 465 161 506 163 495 165 483 147 461 142 499 142 517 144 531 
171 420 202 440 225 467 246 489 269 500 209 479 194 520 193 509 198 496 186 475 177 516 178 504 182 492 165 470 161 510 163 499 166 487 146 467 142 504 142 521 143 535 
171 424 202 445 225 471 246 492 270 502 209 484 195 524 194 513 199 500 185 480 178 520 179 509 183 498 164 475 161 515 163 504 166 493 145 472 142 509 142 526 143 540 
172 427 203 447 226 473 248 494 272 504 210 487 197 528 196 516 199 504 187 483 180 524 181 513 184 500 166 479 163 518 165 508 167 496 147 476 143 512 142 530 144 544 
174 430 204 450 228 475 250 496 273 506 212 490 199 531 198 519 202 506 189 487 182 528 183 516 186 504 168 483 165 522 167 511 170 499 149 480 145 516 145 533 145 548 
176 432 206 451 230 475 252 495 275 504 215 492 202 533 199 521 202 509 192 489 185 529 185 517 187 505 171 486 167 523 168 512 170 501 152 483 148 519 148 536 148 550 
179 434 209 453 234 476 256 495 279 503 217 494 205 535 203 523 206 510 195 492 188 531 188 519 191 507 174 488 170 525 171 514 174 502 155 485 151 521 151 538 152 552 
180 435 211 453 236 477 258 495 282 504 220 495 209 537 206 525 208 512 198 493 192 532 191 520 193 508 176 489 174 526 174 516 176 504 157 487 154 523 153 540 153 554 
183 435 214 454 239 478 261 496 284 503 222 497 211 537 208 526 210 513 200 495 194 533 193 521 195 509 179 491 175 527 176 517 178 505 160 488 156 523 155 541 156 555 
185 435 216 455 240 479 263 497 286 505 224 497 213 538 209 527 211 514 202 495 196 534 194 522 197 510 181 492 177 528 177 518 179 506 162 489 158 525 157 543 158 557 
186 436 218 455 242 479 264 497 288 505 225 498 214 538 210 527 212 514 203 496 197 535 196 523 198 511 182 493 179 529 179 519 181 507 163 490 159 526 159 544 160 558 
187 436 219 456 243 479 265 498 288 505 226 498 215 539 211 528 213 515 204 497 198 536 197 524 199 512 183 493 180 530 180 520 182 508 163 490 160 527 160 544 161 558 
188 436 219 456 243 480 265 498 289 506 227 499 216 538 211 528 213 516 205 497 199 535 198 524 199 512 184 494 181 530 181 520 183 509 165 490 161 526 161 544 162 558 
189 437 220 456 244 480 266 498 289 505 227 499 216 539 212 528 214 515 205 497 199 536 198 524 200 512 184 494 181 531 182 520 183 509 165 491 162 527 162 545 163 559 
189 437 220 456 244 480 267 498 290 506 228 498 216 539 213 528 215 515 206 496 199 535 199 523 201 511 184 493 181 530 182 519 184 508 165 490 162 526 162 544 163 558 
188 435 220 455 244 479 266 497 290 505 228 497 216 538 212 527 214 515 206 495 200 534 199 523 201 510 184 492 182 529 182 519 184 508 165 489 162 526 162 543 163 557 
189 436 220 455 244 479 266 497 290 504 228 498 216 538 212 527 214 514 205 495 199 534 198 522 200 510 184 492 181 529 182 519 183 507 165 488 162 525 162 543 163 557 
189 436 220 455 244 479 266 497 290 505 228 497 216 538 213 527 215 514 206 495 199 534 199 522 201 509 184 491 181 529 182 518 184 507 165 488 162 525 162 543 163 557 
189 435 221 454 244 478 267 496 290 504 228 497 217 537 213 526 215 513 206 495 199 533 199 521 201 509 185 491 182 528 182 517 184 505 165 488 162 524 162 542 164 556 
189 434 221 453 245 477 267 495 291 504 229 496 218 537 214 526 216 513 207 494 200 533 200 521 202 508 186 491 182 528 183 517 185 505 166 487 163 524 163 542 164 555 
190 434 221 453 245 477 267 495 291 503 229 496 218 537 214 526 216 513 207 494 201 532 200 521 202 508 186 491 183 527 183 517 185 505 167 487 164 524 164 542 165 556 
191 435 222 454 246 477 268 495 291 503 230 495 219 536 215 526 216 513 207 493 201 532 200 521 202 508 186 490 184 527 184 517 186 505 167 487 164 523 164 541 166 555 
190 435 222 453 246 477 268 495 292 502 230 495 219 536 215 525 217 512 207 493 202 532 201 520 203 508 186 490 184 527 184 517 186 505 167 487 164 523 165 541 166 555 
190 434 222 453 246 477 268 495 292 502 230 495 219 536 215 525 217 512 207 493 202 532 201 520 203 508 186 490 184 527 184 517 186 505 167 487 164 523 164 541 166 555 
191 434 222 453 246 477 268 495 291 503 230 495 218 536 215 525 217 513 207 493 201 532 201 520 203 508 186 490 183 527 184 517 186 505 167 487 164 523 164 541 166 555 
190 434 222 454 246 477 268 495 291 504 229 495 219 537 215 526 217 513 207 493 201 532 201 521 203 508 185 489 183 528 184 517 186 506 166 487 164 523 164 541 166 555 
191 435 222 454 246 478 268 496 291 504 229 496 218 537 214 526 216 513 207 493 201 533 200 521 203 508 186 490 183 528 184 517 186 505 167 487 164 524 164 542 165 555 
191 435 222 454 246 478 268 496 291 504 229 496 219 537 215 526 217 513 206 494 201 533 201 521 203 508 185 490 183 528 184 518 186 506 166 487 163 524 164 542 165 556 
191 435 223 455 247 479 269 497 292 505 230 496 220 537 216 527 218 514 207 494 202 534 202 522 204 509 186 491 184 529 185 518 187 506 167 489 164 525 164 543 166 556 
191 436 223 454 247 478 270 496 294 504 232 496 220 538 216 527 218 514 209 494 203 534 202 522 204 509 188 491 185 529 185 518 186 506 168 488 165 525 166 543 167 558 
192 436 224 454 248 478 271 496 294 504 233 497 222 538 218 527 220 514 210 495 204 534 203 522 206 509 189 492 186 528 186 518 188 506 170 489 167 525 167 543 169 557 
194 436 225 455 250 478 272 496 295 504 234 497 223 538 219 528 220 515 212 495 206 534 205 523 206 510 191 492 188 529 188 519 190 507 171 489 168 525 169 543 170 557 
195 437 227 455 251 478 273 496 296 504 235 497 224 538 220 527 222 515 213 495 207 534 206 522 208 510 191 492 189 529 189 518 191 506 172 490 170 526 170 544 172 558 
196 437 228 456 252 479 274 497 297 505 236 497 226 539 221 528 223 515 214 496 208 535 207 523 209 511 192 493 190 530 191 519 192 508 173 490 171 526 171 544 173 558 
197 437 229 456 253 479 275 497 298 505 237 498 227 539 223 528 224 515 215 496 209 535 208 524 210 511 194 493 191 530 191 520 193 508 174 490 172 526 172 544 174 558 
198 438 230 456 254 480 276 498 299 505 238 498 227 539 223 529 225 516 215 497 210 536 209 524 211 512 194 494 192 531 192 521 194 509 175 491 172 527 173 545 175 559 
198 438 230 457 254 480 276 498 300 506 237 498 227 540 223 529 225 516 215 497 210 536 209 524 211 512 193 494 192 532 192 521 194 509 174 491 173 528 173 546 175 560 
198 439 230 458 254 481 277 499 300 507 238 499 228 541 224 529 225 517 215 497 210 537 209 525 211 513 194 494 192 532 193 522 194 510 175 492 173 528 174 547 175 561 
198 439 230 458 255 482 276 500 300 508 238 499 228 541 224 530 226 517 215 498 211 537 210 525 212 513 194 495 193 533 193 522 195 510 175 493 173 529 174 547 176 561 
199 440 231 459 255 482 277 500 300 508 238 500 228 542 224 531 225 518 215 499 211 538 210 526 212 513 194 496 193 533 193 523 195 511 175 493 174 530 174 548 176 562 
199 441 231 460 255 483 276 501 299 509 237 502 228 543 224 531 226 519 214 500 210 539 210 528 212 515 193 497 192 535 193 525 195 513 175 495 173 532 174 550 176 564 
200 442 231 461 255 485 277 503 300 511 238 504 227 544 224 533 225 520 215 502 210 541 209 529 212 516 194 499 192 536 193 526 194 514 175 496 173 533 174 552 175 566 
199 444 231 463 255 486 277 505 299 513 238 505 228 546 224 534 225 521 215 503 210 542 210 530 212 518 194 500 192 538 193 527 194 515 175 498 173 534 174 553 176 567 
200 445 232 464 255 488 277 506 300 515 238 507 227 548 224 536 226 523 215 505 210 544 210 532 212 519 194 502 192 539 193 529 195 517 175 499 173 536 173 554 175 569 
200 446 231 465 255 489 277 508 300 517 238 508 228 549 225 538 226 525 215 507 210 546 210 534 212 521 194 504 193 541 193 531 195 519 175 501 173 538 174 557 175 572 
201 448 232 467 256 491 278 510 301 519 239 511 229 552 226 541 227 528 216 509 211 548 211 536 213 524 194 506 193 544 194 533 196 521 176 503 174 540 174 559 176 575 
202 452 234 470 258 494 280 513 303 522 240 513 231 555 227 544 228 532 217 512 212 551 212 539 214 527 196 508 195 546 195 536 197 525 177 506 174 543 175 562 176 577 
204 453 236 472 260 496 282 516 305 525 243 516 233 558 229 547 231 535 220 515 215 554 213 543 216 530 199 512 196 549 196 538 198 527 179 509 177 546 177 565 179 581 
206 457 238 475 263 499 285 519 307 529 246 520 236 562 233 551 235 538 223 519 217 558 216 547 219 535 201 516 199 553 200 542 201 531 182 513 179 550 180 569 181 585 
209 460 241 479 265 504 287 526 309 537 249 523 240 566 237 554 239 542 226 523 220 563 220 551 222 539 204 520 202 558 203 547 204 536 184 518 183 555 183 574 184 591 
211 465 243 484 267 510 287 534 309 547 250 528 244 571 241 561 242 549 227 527 223 569 223 558 224 546 205 525 205 564 206 554 207 543 186 523 185 560 185 579 187 596 
213 473 246 495 270 523 288 550 309 566 253 541 247 581 243 578 242 570 229 540 225 582 223 574 225 563 207 538 206 579 206 571 209 561 187 535 184 574 184 593 187 610 
214 479 246 502 268 531 286 560 305 579 251 548 248 589 242 592 239 589 227 548 223 591 221 583 222 572 205 546 203 588 203 582 205 571 186 543 181 582 181 602 184 619 
212 486 244 512 265 543 280 574 297 595 248 558 244 599 238 600 235 597 224 558 219 601 217 593 218 582 201 556 198 598 198 591 201 581 181 553 177 593 176 612 179 629 
210 494 241 520 260 553 274 585 291 608 244 568 239 610 232 613 228 611 219 568 213 613 211 607 211 598 197 566 192 610 193 606 196 598 177 563 171 603 170 623 171 640 
205 503 236 531 255 564 269 597 284 621 237 580 231 621 226 620 224 615 212 579 206 624 205 617 207 607 189 576 185 620 186 616 189 607 169 573 163 614 162 634 164 651 
199 512 231 543 250 576 260 610 273 635 228 592 224 633 222 630 222 624 203 591 197 636 198 632 201 623 180 587 175 631 178 629 182 622 161 583 154 625 153 645 155 662 
194 522 224 554 241 588 251 623 261 649 219 602 214 644 212 644 213 639 195 601 188 648 188 645 191 636 172 597 165 643 168 642 173 636 152 593 143 635 141 656 142 673 
187 531 217 562 232 598 239 633 247 661 209 611 205 657 201 674 199 682 183 610 175 660 176 664 179 657 160 606 153 654 157 659 161 655 142 601 131 643 129 665 130 682 
179 539 209 570 223 607 229 642 235 671 199 621 196 669 190 688 186 699 173 619 164 671 164 679 166 677 150 615 142 663 144 675 148 678 132 610 120 651 117 673 117 690 
173 547 202 580 214 617 217 653 222 683 191 634 185 681 179 700 177 711 165 631 153 680 151 692 153 692 141 625 130 672 131 686 135 690 123 617 108 657 103 679 102 698 
165 555 194 588 206 625 208 662 211 693 182 643 177 690 173 703 171 710 155 640 146 690 144 704 145 708 132 634 122 680 122 695 126 702 114 626 101 665 96 686 96 704 
157 566 187 602 195 641 193 676 194 710 165 657 160 704 158 725 157 738 138 652 126 701 124 718 124 725 116 645 104 691 104 709 106 718 99 635 89 674 87 694 88 709 
154 574 182 608 189 647 187 684 186 716 162 664 152 712 148 733 147 744 135 659 117 708 113 726 113 732 113 651 97 698 95 715 98 722 96 642 84 681 84 700 87 710 
149 581 179 616 186 657 181 694 178 726 159 670 149 721 146 745 144 758 130 665 112 718 108 742 107 754 107 656 92 705 93 724 96 732 92 647 81 689 84 706 90 712 
149 588 180 623 188 664 183 700 178 730 161 678 151 728 148 752 146 766 131 672 113 726 107 754 104 769 108 662 92 713 90 738 92 752 92 651 80 693 82 712 86 722 
152 591 183 627 190 667 185 702 180 731 163 682 159 730 161 747 162 755 132 677 120 729 117 752 117 764 110 669 97 717 98 736 102 744 94 658 83 697 89 710 95 714 
155 596 188 634 194 674 187 708 181 737 166 688 164 734 167 749 168 755 136 683 127 734 126 756 126 768 115 674 104 721 104 741 106 751 100 665 94 703 99 716 105 721 
162 601 195 640 198 677 188 709 176 731 182 696 177 745 180 753 180 752 152 692 145 741 150 747 155 747 129 684 121 731 128 736 134 733 112 676 106 713 115 720 122 720 
178 604 205 645 204 681 192 710 183 730 196 703 180 747 179 743 181 732 170 699 153 739 155 732 160 722 148 689 133 727 137 720 143 709 131 679 120 712 125 711 130 704 
192 607 208 648 207 681 198 708 189 727 208 702 180 740 177 731 182 719 192 698 160 733 160 720 167 705 175 690 145 720 147 706 156 693 159 680 136 704 140 698 148 690 
200 623 187 633 176 651 168 672 167 689 198 670 172 705 171 698 177 690 206 686 173 719 172 708 178 696 209 697 179 727 178 713 185 699 209 705 189 731 188 724 195 715 
-1 -1 -1 -1 -1 -1 -1 -1 -1 -1 -1 -1 -1 -1 -1 -1 -1 -1 -1 -1 -1 -1 -1 -1 -1 -1 -1 -1 -1 -1 -1 -1 -1 -1 -1 -1 -1 -1 -1 -1 -1 -1 
-1 -1 -1 -1 -1 -1 -1 -1 -1 -1 -1 -1 -1 -1 -1 -1 -1 -1 -1 -1 -1 -1 -1 -1 -1 -1 -1 -1 -1 -1 -1 -1 -1 -1 -1 -1 -1 -1 -1 -1 -1 -1 
-1 -1 -1 -1 -1 -1 -1 -1 -1 -1 -1 -1 -1 -1 -1 -1 -1 -1 -1 -1 -1 -1 -1 -1 -1 -1 -1 -1 -1 -1 -1 -1 -1 -1 -1 -1 -1 -1 -1 -1 -1 -1 
-1 -1 -1 -1 -1 -1 -1 -1 -1 -1 -1 -1 -1 -1 -1 -1 -1 -1 -1 -1 -1 -1 -1 -1 -1 -1 -1 -1 -1 -1 -1 -1 -1 -1 -1 -1 -1 -1 -1 -1 -1 -1 
-1 -1 -1 -1 -1 -1 -1 -1 -1 -1 -1 -1 -1 -1 -1 -1 -1 -1 -1 -1 -1 -1 -1 -1 -1 -1 -1 -1 -1 -1 -1 -1 -1 -1 -1 -1 -1 -1 -1 -1 -1 -1 
