-1 -1 -1 -1 -1 -1 -1 -1 -1 -1 -1 -1 -1 -1 -1 -1 -1 -1 -1 -1 -1 -1 -1 -1 -1 -1 -1 -1 -1 -1 -1 -1 -1 -1 -1 -1 -1 -1 -1 -1 -1 -1 
-1 -1 -1 -1 -1 -1 -1 -1 -1 -1 -1 -1 -1 -1 -1 -1 -1 -1 -1 -1 -1 -1 -1 -1 -1 -1 -1 -1 -1 -1 -1 -1 -1 -1 -1 -1 -1 -1 -1 -1 -1 -1 
-1 -1 -1 -1 -1 -1 -1 -1 -1 -1 -1 -1 -1 -1 -1 -1 -1 -1 -1 -1 -1 -1 -1 -1 -1 -1 -1 -1 -1 -1 -1 -1 -1 -1 -1 -1 -1 -1 -1 -1 -1 -1 
-1 -1 -1 -1 -1 -1 -1 -1 -1 -1 -1 -1 -1 -1 -1 -1 -1 -1 -1 -1 -1 -1 -1 -1 -1 -1 -1 -1 -1 -1 -1 -1 -1 -1 -1 -1 -1 -1 -1 -1 -1 -1 
-1 -1 -1 -1 -1 -1 -1 -1 -1 -1 -1 -1 -1 -1 -1 -1 -1 -1 -1 -1 -1 -1 -1 -1 -1 -1 -1 -1 -1 -1 -1 -1 -1 -1 -1 -1 -1 -1 -1 -1 -1 -1 
-1 -1 -1 -1 -1 -1 -1 -1 -1 -1 -1 -1 -1 -1 -1 -1 -1 -1 -1 -1 -1 -1 -1 -1 -1 -1 -1 -1 -1 -1 -1 -1 -1 -1 -1 -1 -1 -1 -1 -1 -1 -1 
-1 -1 -1 -1 -1 -1 -1 -1 -1 -1 -1 -1 -1 -1 -1 -1 -1 -1 -1 -1 -1 -1 -1 -1 -1 -1 -1 -1 -1 -1 -1 -1 -1 -1 -1 -1 -1 -1 -1 -1 -1 -1 
-1 -1 -1 -1 -1 -1 -1 -1 -1 -1 -1 -1 -1 -1 -1 -1 -1 -1 -1 -1 -1 -1 -1 -1 -1 -1 -1 -1 -1 -1 -1 -1 -1 -1 -1 -1 -1 -1 -1 -1 -1 -1 
-1 -1 -1 -1 -1 -1 -1 -1 -1 -1 -1 -1 -1 -1 -1 -1 -1 -1 -1 -1 -1 -1 -1 -1 -1 -1 -1 -1 -1 -1 -1 -1 -1 -1 -1 -1 -1 -1 -1 -1 -1 -1 
-1 -1 -1 -1 -1 -1 -1 -1 -1 -1 -1 -1 -1 -1 -1 -1 -1 -1 -1 -1 -1 -1 -1 -1 -1 -1 -1 -1 -1 -1 -1 -1 -1 -1 -1 -1 -1 -1 -1 -1 -1 -1 
-1 -1 -1 -1 -1 -1 -1 -1 -1 -1 -1 -1 -1 -1 -1 -1 -1 -1 -1 -1 -1 -1 -1 -1 -1 -1 -1 -1 -1 -1 -1 -1 -1 -1 -1 -1 -1 -1 -1 -1 -1 -1 
-1 -1 -1 -1 -1 -1 -1 -1 -1 -1 -1 -1 -1 -1 -1 -1 -1 -1 -1 -1 -1 -1 -1 -1 -1 -1 -1 -1 -1 -1 -1 -1 -1 -1 -1 -1 -1 -1 -1 -1 -1 -1 
-1 -1 -1 -1 -1 -1 -1 -1 -1 -1 -1 -1 -1 -1 -1 -1 -1 -1 -1 -1 -1 -1 -1 -1 -1 -1 -1 -1 -1 -1 -1 -1 -1 -1 -1 -1 -1 -1 -1 -1 -1 -1 
-1 -1 -1 -1 -1 -1 -1 -1 -1 -1 -1 -1 -1 -1 -1 -1 -1 -1 -1 -1 -1 -1 -1 -1 -1 -1 -1 -1 -1 -1 -1 -1 -1 -1 -1 -1 -1 -1 -1 -1 -1 -1 
-1 -1 -1 -1 -1 -1 -1 -1 -1 -1 -1 -1 -1 -1 -1 -1 -1 -1 -1 -1 -1 -1 -1 -1 -1 -1 -1 -1 -1 -1 -1 -1 -1 -1 -1 -1 -1 -1 -1 -1 -1 -1 
-1 -1 -1 -1 -1 -1 -1 -1 -1 -1 -1 -1 -1 -1 -1 -1 -1 -1 -1 -1 -1 -1 -1 -1 -1 -1 -1 -1 -1 -1 -1 -1 -1 -1 -1 -1 -1 -1 -1 -1 -1 -1 
-1 -1 -1 -1 -1 -1 -1 -1 -1 -1 -1 -1 -1 -1 -1 -1 -1 -1 -1 -1 -1 -1 -1 -1 -1 -1 -1 -1 -1 -1 -1 -1 -1 -1 -1 -1 -1 -1 -1 -1 -1 -1 
-1 -1 -1 -1 -1 -1 -1 -1 -1 -1 -1 -1 -1 -1 -1 -1 -1 -1 -1 -1 -1 -1 -1 -1 -1 -1 -1 -1 -1 -1 -1 -1 -1 -1 -1 -1 -1 -1 -1 -1 -1 -1 
-1 -1 -1 -1 -1 -1 -1 -1 -1 -1 -1 -1 -1 -1 -1 -1 -1 -1 -1 -1 -1 -1 -1 -1 -1 -1 -1 -1 -1 -1 -1 -1 -1 -1 -1 -1 -1 -1 -1 -1 -1 -1 
435 395 451 378 468 367 482 356 492 342 504 378 512 411 493 420 479 418 501 391 506 426 487 431 472 427 496 405 498 438 477 441 460 438 490 420 515 438 525 450 532 460 
429 391 444 375 464 363 481 353 488 336 503 377 509 410 492 417 479 416 503 388 503 425 485 429 469 427 498 402 499 436 477 441 460 438 491 417 514 438 524 450 534 460 
428 389 444 374 464 363 481 352 489 336 503 376 510 411 492 419 477 417 503 388 505 425 486 430 470 427 498 402 500 437 478 441 461 437 490 417 513 438 524 451 534 461 
427 388 443 373 463 362 480 352 488 335 503 374 509 409 492 417 478 415 503 386 505 424 486 429 470 427 497 401 500 435 478 440 462 437 490 416 513 438 524 451 534 461 
427 387 442 372 463 361 481 351 488 334 503 373 510 409 492 417 477 416 503 385 505 423 487 429 471 426 498 399 500 435 479 439 462 437 489 415 512 437 524 450 534 460 
427 387 443 372 463 360 481 350 488 333 502 372 509 407 491 416 477 416 503 385 504 422 487 428 470 427 498 399 500 434 480 439 462 437 490 414 513 436 525 449 535 459 
426 386 442 372 463 361 481 350 489 333 503 372 510 409 492 417 477 416 503 384 505 423 486 428 470 426 497 398 500 434 479 438 461 436 489 413 512 436 524 448 534 459 
427 386 443 372 464 361 482 350 490 333 503 373 508 409 490 418 475 418 504 385 504 424 486 430 469 428 498 399 501 435 480 439 463 438 490 414 513 436 526 448 536 459 
429 385 444 371 465 360 483 351 490 334 504 372 509 408 492 417 477 416 505 385 504 423 487 429 470 428 500 399 501 434 480 439 463 437 492 414 514 436 526 449 537 459 
430 386 445 371 466 361 483 351 491 334 505 372 510 409 492 417 477 416 505 384 506 424 487 429 470 427 499 398 502 435 480 439 463 437 492 414 515 436 527 449 537 459 
430 386 446 372 467 361 484 351 491 334 506 374 511 410 492 418 477 417 506 386 506 425 487 430 471 427 500 399 502 435 481 439 464 437 492 414 515 436 527 449 538 459 
432 388 447 374 468 364 485 353 493 337 507 375 512 411 494 421 479 421 507 386 508 426 490 432 474 431 501 400 504 437 483 442 465 441 492 416 515 439 528 452 537 463 
432 388 448 374 468 364 486 354 493 337 508 377 512 413 494 421 479 421 507 388 507 427 488 433 471 432 502 402 503 438 481 443 464 441 494 417 516 439 527 453 537 464 
431 389 446 375 467 365 485 355 493 339 507 377 512 413 495 422 480 421 507 388 508 427 490 434 474 432 501 402 504 438 482 443 465 442 492 418 514 441 526 455 536 465 
431 390 447 376 468 366 486 355 493 338 507 379 512 416 493 424 478 424 507 390 506 430 487 436 471 434 501 404 502 441 480 445 463 443 493 419 515 442 526 455 536 467 
430 392 445 378 466 368 485 358 493 341 507 379 513 416 495 425 480 425 507 390 508 430 489 437 474 434 501 404 503 441 482 446 465 443 491 420 514 444 525 458 535 468 
430 392 446 379 468 369 486 358 494 341 507 382 512 419 493 427 478 426 506 393 507 433 488 438 471 436 500 406 502 444 480 447 463 444 492 421 514 445 525 458 534 469 
430 394 445 380 467 370 486 360 494 343 506 382 512 419 494 427 479 426 506 393 507 433 488 439 472 436 500 407 502 444 480 448 463 445 491 422 513 447 523 461 533 471 
430 395 446 381 467 371 486 361 494 344 507 384 512 421 493 430 478 428 506 395 506 435 487 440 470 437 500 409 501 446 479 449 462 446 492 423 513 448 524 461 533 472 
430 396 446 382 467 372 486 362 495 346 507 385 513 423 494 431 479 429 506 396 507 436 488 442 472 439 500 410 502 447 480 451 463 448 491 425 512 450 523 464 532 475 
429 396 446 384 468 374 487 363 495 347 508 387 512 426 493 433 478 431 507 398 506 439 486 443 471 439 500 412 501 449 479 452 462 448 490 426 512 451 523 465 533 476 
430 398 446 385 468 375 487 365 496 348 507 388 513 427 493 434 478 432 506 399 507 440 488 445 472 441 499 412 502 451 480 454 462 450 490 428 512 453 523 467 533 478 
429 399 445 385 468 375 488 365 496 348 508 390 512 428 493 435 478 432 507 401 506 442 487 446 471 442 500 415 500 452 478 455 461 451 490 429 511 454 523 469 533 480 
428 400 445 386 468 376 488 366 496 349 507 390 513 429 493 436 478 433 507 402 506 443 486 447 471 442 499 415 500 454 478 456 460 451 489 430 511 456 523 471 533 483 
427 400 444 388 468 377 487 367 496 349 508 391 512 431 492 437 477 434 507 403 505 444 485 448 468 443 499 416 499 455 477 457 459 452 489 431 512 457 523 471 533 483 
427 401 444 388 467 378 487 367 497 350 507 392 512 432 492 438 477 436 506 404 504 445 484 449 468 444 499 418 499 456 476 458 458 453 489 433 511 458 523 473 533 484 
427 401 444 387 467 377 488 367 497 350 508 392 512 432 492 439 477 436 507 404 505 446 485 450 469 445 499 418 498 457 476 459 458 454 489 434 511 459 522 474 532 485 
425 401 442 386 466 375 486 365 496 347 506 392 511 429 493 436 479 434 506 405 504 444 485 448 469 444 498 419 497 455 474 458 457 454 488 435 510 461 521 475 531 486 
422 399 440 385 465 374 486 363 496 345 506 392 511 430 492 436 478 432 506 404 503 444 484 447 468 442 498 419 495 456 473 458 456 453 487 435 509 461 520 476 530 487 
421 399 440 384 465 373 487 361 497 343 507 391 511 429 491 434 477 431 506 404 503 443 484 446 469 441 498 419 495 456 472 457 456 451 487 436 509 462 520 476 531 487 
419 398 440 382 464 371 487 359 497 340 507 390 511 427 492 433 479 429 506 403 503 441 484 444 468 439 498 418 493 454 471 456 455 450 487 434 508 461 518 476 529 487 
417 397 438 380 464 369 487 356 497 338 507 389 511 425 492 431 478 428 507 403 502 439 483 441 468 437 498 418 493 453 470 454 454 449 487 434 507 461 517 475 527 486 
416 395 439 379 464 367 488 355 498 337 509 389 510 425 491 430 477 428 508 403 500 438 482 441 467 437 499 418 491 452 469 453 453 447 487 434 506 460 516 475 525 486 
416 394 440 377 465 366 488 354 498 337 510 387 510 423 492 430 478 428 509 401 501 437 483 440 467 437 500 417 492 451 470 452 454 446 488 432 507 459 516 473 525 485 
418 393 442 376 466 365 489 353 499 335 511 387 509 423 490 429 475 428 511 401 499 436 480 438 464 435 502 415 491 449 469 449 453 444 491 431 508 458 517 472 525 483 
418 391 442 374 467 364 489 352 500 334 511 387 510 422 491 429 476 428 511 400 501 435 482 438 465 435 503 415 493 449 470 449 453 445 492 430 508 458 516 472 524 484 
419 389 444 372 469 362 492 350 503 332 513 385 511 420 492 427 477 426 513 399 502 434 483 436 466 434 505 414 493 448 471 448 454 443 493 429 509 457 516 472 523 484 
421 389 446 371 471 361 494 349 505 331 514 384 513 418 494 425 479 424 515 399 504 433 486 436 469 434 507 414 496 448 474 448 458 444 496 429 511 458 518 472 524 484 
422 387 449 370 475 360 498 348 508 330 517 384 515 419 496 425 481 423 517 398 506 433 487 435 471 432 509 413 497 448 475 447 460 442 498 429 513 458 521 472 528 484 
424 386 451 370 477 361 500 349 510 331 519 384 517 419 498 426 482 425 520 398 508 434 488 437 471 434 512 413 500 448 477 448 460 443 500 429 515 458 523 472 530 484 
428 386 453 370 479 361 502 349 512 331 521 384 519 419 500 426 485 425 521 398 510 434 491 437 474 434 513 413 502 448 480 448 463 443 502 428 518 457 526 471 533 484 
430 386 455 371 480 362 503 351 513 332 524 386 521 423 501 429 486 427 524 399 511 436 492 438 476 435 515 413 503 449 480 448 464 443 503 428 519 457 528 472 536 484 
434 386 457 370 481 361 503 351 513 333 526 385 522 421 502 427 487 425 525 399 513 435 494 437 477 433 516 413 505 448 483 447 466 442 504 428 521 456 530 471 539 483 
434 386 457 370 481 362 503 352 512 335 525 384 524 420 505 426 490 424 524 397 516 434 497 437 481 433 516 412 508 447 485 447 468 442 504 427 522 455 531 470 540 482 
435 385 457 371 480 362 501 353 511 337 526 383 525 421 505 428 490 426 525 397 517 435 498 438 481 434 516 411 509 448 486 449 469 443 503 427 522 455 531 471 540 483 
437 386 458 370 480 363 500 355 510 341 526 383 524 420 505 427 490 425 524 396 517 435 498 438 481 434 516 411 509 447 486 449 469 444 504 426 523 455 533 471 542 483 
437 385 458 369 479 363 499 357 509 345 525 382 524 420 505 427 490 424 524 396 517 434 498 438 481 434 516 410 510 447 487 449 469 444 504 426 523 455 533 471 541 484 
439 385 459 369 480 364 499 361 509 352 526 384 524 421 505 427 491 425 525 397 517 436 498 440 481 435 516 412 509 448 486 450 468 445 503 427 522 456 531 472 540 485 
442 385 462 369 482 365 501 363 511 356 528 384 525 420 507 425 493 421 526 398 518 435 499 438 483 433 516 413 510 448 487 449 470 444 503 428 522 457 531 473 539 487 
444 385 463 369 484 365 502 364 511 358 528 383 525 419 508 423 495 418 526 398 519 434 500 436 484 432 516 413 510 447 487 448 470 442 503 428 521 458 530 475 538 488 
445 385 464 369 485 365 503 366 513 362 529 384 526 420 508 423 496 419 527 398 519 435 500 437 485 432 516 413 510 448 487 448 469 443 502 428 520 458 528 475 535 489 
446 385 465 369 486 366 504 368 514 366 529 385 526 421 508 424 496 418 526 399 519 435 499 437 485 431 515 414 508 448 485 448 468 441 501 428 517 458 524 476 531 490 
447 386 466 370 487 368 505 371 517 371 529 386 527 422 509 424 497 418 526 400 518 436 499 437 485 430 515 414 507 448 484 448 468 440 500 428 516 458 523 477 530 490 
448 387 468 371 488 368 506 372 518 374 529 386 528 421 511 425 499 420 525 400 519 436 500 438 487 432 514 414 508 448 485 449 469 442 499 429 514 458 520 476 526 489 
448 386 468 370 489 369 507 374 519 375 528 387 527 422 510 425 499 420 524 401 518 437 500 439 487 433 512 415 507 449 485 450 470 443 497 430 511 460 517 478 523 490 
448 387 468 370 489 369 507 374 520 376 529 388 527 423 511 426 500 420 524 402 519 438 500 439 488 432 512 417 506 450 484 449 469 442 496 430 510 461 515 479 521 492 
447 388 468 370 489 369 508 373 521 375 529 389 528 424 512 427 501 422 524 403 519 438 501 439 488 432 512 416 506 450 483 449 468 442 496 430 510 461 515 479 520 492 
447 387 468 369 489 368 509 372 522 373 529 389 528 425 512 428 501 422 524 403 519 439 500 440 488 433 512 417 506 451 484 451 469 443 496 431 510 462 515 480 520 492 
447 388 468 371 489 368 510 372 523 371 529 389 529 425 512 428 501 422 524 403 519 439 500 440 488 433 511 417 506 452 483 451 469 443 496 431 510 462 515 480 521 493 
446 387 467 370 489 369 510 372 523 371 529 389 529 426 512 429 501 424 524 403 520 440 501 442 488 435 512 417 507 452 484 453 469 445 496 431 509 463 515 481 520 494 
446 387 467 371 489 370 509 374 521 373 529 391 527 428 510 431 499 425 524 405 519 441 500 442 487 435 511 418 506 453 484 453 469 445 495 431 509 464 514 482 519 494 
446 387 468 371 490 371 509 376 520 375 529 392 528 428 511 430 500 425 524 406 519 442 500 442 488 436 511 419 506 453 483 453 467 446 495 433 508 464 513 483 518 495 
446 390 467 373 489 373 509 377 520 377 529 392 528 428 511 431 499 426 524 405 519 442 500 443 487 437 511 419 506 453 483 454 467 446 496 432 510 464 514 482 519 495 
446 390 467 374 489 374 509 378 521 379 529 392 528 428 510 432 499 428 524 406 519 442 500 444 487 438 511 419 506 454 483 455 468 448 495 433 510 465 515 483 520 496 
446 390 468 375 490 375 509 379 521 380 529 393 528 428 511 432 500 427 523 406 519 442 500 443 487 437 511 420 506 454 483 454 467 448 496 433 510 465 515 482 520 495 
447 391 468 376 490 375 510 380 522 380 529 394 528 429 511 433 499 428 524 407 519 442 501 444 488 438 512 420 507 454 484 455 468 448 496 433 511 465 516 483 521 495 
446 391 467 376 489 376 509 380 522 380 529 394 527 431 510 435 498 430 525 407 517 444 498 445 485 439 512 420 506 455 483 455 467 448 496 433 511 465 516 483 521 496 
446 391 468 376 489 376 509 380 521 381 529 394 527 430 510 433 498 429 524 407 518 443 499 444 486 439 512 420 505 455 483 455 467 448 496 434 511 465 516 483 521 496 
447 392 468 377 490 377 509 381 521 381 529 395 527 431 509 434 498 429 524 407 517 444 499 444 486 438 511 420 505 455 483 455 467 448 496 433 511 465 516 483 521 496 
447 391 469 376 490 376 509 380 522 381 528 395 526 430 509 433 498 428 523 408 517 444 499 445 486 439 511 421 505 455 482 455 467 448 495 434 510 466 516 484 521 497 
447 392 468 378 490 377 509 381 522 382 529 395 526 431 508 434 497 429 524 408 516 445 497 445 484 439 511 421 505 456 482 455 466 449 496 434 511 465 516 483 521 496 
448 392 469 377 490 377 509 381 521 382 528 395 526 430 509 433 498 428 523 408 517 444 498 444 486 438 511 421 505 455 482 454 467 448 495 434 511 465 516 483 522 496 
449 393 469 378 490 378 509 382 522 383 529 395 526 431 509 433 498 428 524 408 517 445 498 446 485 439 511 421 505 456 482 455 467 448 496 435 511 465 516 483 522 497 
449 393 469 379 490 378 509 383 521 384 528 395 526 431 509 434 498 429 524 408 517 445 499 446 485 440 511 421 506 456 483 455 467 449 496 435 511 466 517 484 522 497 
450 394 471 380 491 379 510 383 521 384 529 396 526 431 509 433 498 428 524 409 518 445 499 446 487 440 511 421 506 456 484 455 468 448 496 435 511 465 516 483 522 496 
451 395 470 380 491 379 509 384 521 386 528 396 525 431 509 434 498 429 523 409 516 446 498 447 486 441 511 422 505 456 483 456 467 449 495 435 511 466 516 484 522 496 
451 394 471 380 492 380 510 384 521 386 528 398 525 432 509 435 498 429 523 410 516 446 498 447 486 440 510 422 504 456 482 456 467 448 495 435 510 466 515 484 521 496 
452 395 472 381 492 380 509 385 521 387 528 398 526 432 509 434 499 428 523 410 517 447 499 447 487 441 510 423 505 457 483 456 468 449 495 436 510 466 515 484 521 497 
452 396 471 381 491 380 509 385 521 387 528 398 526 433 509 436 499 430 523 410 516 447 498 448 486 441 511 423 504 457 482 456 467 449 495 436 510 466 515 484 520 497 
452 396 471 381 491 381 509 386 522 387 528 399 526 434 509 437 498 431 523 411 516 448 498 448 485 441 510 424 504 458 482 457 467 449 495 436 510 467 515 485 520 497 
452 396 471 382 491 381 509 386 521 388 528 399 527 435 510 437 500 431 522 411 517 448 499 448 487 441 510 424 505 459 483 457 468 449 494 437 510 467 515 484 520 497 
451 397 470 382 491 382 509 387 521 388 529 399 527 436 509 439 499 433 523 411 517 450 498 449 486 442 511 423 505 460 483 458 468 450 495 436 510 467 515 485 521 497 
451 396 470 381 490 381 508 387 521 388 528 399 528 434 510 438 500 433 522 411 520 449 501 451 489 445 510 424 509 460 486 461 471 455 494 437 510 468 515 485 521 496 
451 398 470 383 490 382 508 387 521 388 527 399 529 435 511 440 500 435 521 411 522 450 503 453 491 447 508 423 511 461 489 463 475 457 493 437 509 467 515 483 521 494 
450 398 470 383 490 383 507 388 520 389 526 399 529 435 512 442 501 438 520 410 524 450 505 455 492 450 509 423 514 461 493 465 478 459 494 437 510 467 516 484 519 494 
450 397 470 383 490 383 508 388 520 389 525 398 529 435 513 442 501 439 520 410 524 450 507 455 494 450 509 422 515 462 496 465 482 460 495 436 511 467 515 483 517 492 
451 398 470 382 490 383 508 388 520 389 525 398 530 435 514 442 503 438 519 410 526 449 509 455 497 449 508 423 517 461 499 465 486 459 494 436 510 467 513 481 515 489 
451 398 471 382 490 383 508 388 519 388 523 399 529 434 515 442 504 439 518 410 527 449 510 455 499 451 508 424 519 461 503 466 490 461 493 437 509 467 512 481 512 488 
452 398 472 382 491 383 508 388 519 387 523 401 530 435 518 443 507 441 518 412 527 449 512 456 501 453 507 425 521 462 506 466 494 462 492 438 508 467 512 481 513 490 
452 397 472 381 492 382 509 387 521 384 523 401 530 435 518 442 508 440 518 413 527 448 514 455 504 452 507 425 521 460 509 467 499 464 492 438 508 467 511 480 511 487 
450 397 470 382 490 382 510 383 524 377 525 403 528 439 515 444 507 439 518 415 523 451 508 454 499 449 506 427 516 462 501 464 491 459 491 440 505 468 510 483 513 492 
449 397 466 383 488 381 510 380 525 370 526 404 525 441 510 444 501 437 520 416 518 453 501 454 491 447 508 428 508 463 489 462 478 453 491 441 504 471 509 488 515 499 
445 395 463 383 488 380 511 377 526 364 526 405 523 444 506 445 496 438 521 417 514 454 496 453 485 445 509 428 503 464 482 461 471 451 493 441 507 473 512 491 520 504 
441 394 462 384 488 380 512 375 526 360 525 407 521 446 502 447 491 439 521 418 510 456 491 454 479 446 509 430 498 465 476 461 463 451 493 442 507 475 513 493 520 507 
438 395 460 385 487 382 511 376 525 360 523 407 518 446 499 447 488 440 520 419 506 457 488 455 475 447 509 431 494 467 472 463 459 453 494 444 507 478 512 496 518 510 
435 396 459 388 487 384 512 377 525 360 523 410 517 449 497 448 485 440 519 421 504 458 485 455 472 447 508 433 493 468 470 463 457 453 493 445 507 478 513 495 520 510 
436 398 460 390 488 385 512 377 525 360 523 411 517 452 495 450 483 442 520 423 504 461 484 457 472 449 508 435 493 471 471 465 458 455 493 447 507 480 515 497 523 512 
435 398 459 391 488 387 512 379 525 361 523 412 516 452 494 451 481 444 521 424 502 461 482 458 469 451 509 436 492 472 469 466 456 456 495 447 509 481 516 498 523 513 
435 399 460 392 488 389 512 381 524 363 522 414 515 454 493 453 479 446 519 426 502 464 482 460 468 453 508 437 492 474 470 468 455 459 494 449 509 482 516 499 524 515 
436 400 460 392 487 389 510 382 523 364 523 415 513 455 491 454 477 447 520 427 501 465 481 462 467 454 508 438 492 474 469 469 455 460 494 450 508 483 516 501 524 516 
436 400 460 394 487 390 510 383 524 365 522 416 513 455 490 456 475 450 519 428 501 465 481 464 466 458 509 439 492 475 469 471 454 464 494 450 509 484 517 502 525 518 
437 400 461 394 487 392 510 385 522 368 522 417 512 456 490 457 474 452 520 429 500 466 480 465 464 459 509 440 491 476 468 472 452 466 495 451 508 485 515 503 521 520 
439 401 462 394 488 392 510 386 523 369 522 419 511 458 489 459 472 454 520 431 499 467 478 466 462 461 509 441 491 477 467 473 450 467 495 452 508 486 514 504 520 521 
440 401 461 394 486 392 508 387 520 370 522 420 511 458 488 459 472 454 520 431 499 468 479 467 462 462 509 442 491 478 468 474 451 468 495 453 507 487 514 505 519 522 
440 401 462 393 487 391 508 385 520 367 522 419 511 457 489 458 474 454 519 431 499 467 480 467 463 462 509 442 492 477 469 474 451 468 495 453 508 487 514 505 519 522 
440 402 462 395 487 393 508 385 520 367 523 419 511 458 489 459 474 454 520 431 500 467 480 466 463 462 510 442 492 477 469 474 451 468 496 453 508 487 514 506 519 523 
439 401 462 394 486 392 507 386 519 370 523 420 511 458 490 460 474 456 520 431 500 467 479 467 462 463 510 442 491 477 467 474 449 469 496 453 508 487 514 505 518 522 
440 401 462 394 486 392 507 386 519 369 522 419 511 457 490 459 474 456 520 431 500 467 479 467 462 463 510 442 492 477 468 475 450 470 496 453 508 487 514 505 519 522 
441 402 462 395 486 392 507 385 519 368 522 419 512 457 490 459 474 455 520 431 500 467 480 467 463 463 510 442 493 477 469 475 451 470 496 453 509 487 515 505 519 521 
441 401 462 394 486 392 507 386 518 370 523 418 512 457 491 460 475 456 520 430 501 467 480 468 463 463 510 441 494 477 470 475 452 470 496 452 509 486 515 504 520 520 
441 401 462 394 486 391 506 386 518 370 523 418 512 456 491 459 475 455 520 430 501 466 480 467 463 463 510 441 494 476 470 474 452 469 497 452 510 486 516 503 520 519 
442 401 462 393 485 391 506 386 518 373 523 417 513 455 491 459 476 456 520 429 501 466 481 468 463 464 510 440 495 476 471 475 452 470 497 452 511 484 516 502 520 518 
442 402 463 394 485 392 506 387 518 374 523 418 513 457 492 460 476 457 520 429 502 468 482 468 465 464 510 440 496 477 473 475 454 470 497 452 511 484 518 503 523 518 
443 402 463 395 486 393 505 388 517 375 524 417 514 456 493 461 477 457 521 428 504 468 484 469 466 464 512 439 498 478 475 476 456 471 498 452 513 484 520 503 525 518 
444 403 465 397 486 395 506 392 517 379 526 418 517 458 495 464 478 461 523 428 507 470 486 472 467 468 513 440 501 479 477 479 457 474 500 452 515 485 523 504 528 520 
444 405 465 399 488 397 507 394 518 382 527 418 519 458 497 465 481 462 525 428 510 470 489 472 471 468 515 440 504 480 480 480 461 475 502 453 518 485 526 504 531 519 
447 409 468 402 490 400 509 397 520 386 530 421 523 461 500 467 483 465 527 431 513 472 491 475 474 470 516 442 507 483 483 482 464 476 503 455 520 487 529 505 535 521 
449 411 470 404 491 404 510 402 521 393 532 423 526 464 503 471 485 467 528 433 516 475 494 478 477 473 518 444 510 485 486 485 467 478 505 457 522 489 531 508 537 524 
452 415 473 409 494 409 511 408 522 399 534 426 529 467 507 475 490 471 530 435 520 478 498 482 481 477 520 445 513 488 489 488 470 482 506 458 524 490 533 509 540 525 
455 418 474 412 495 412 512 413 522 406 535 427 532 468 510 476 494 472 531 437 522 480 501 483 485 478 521 448 515 490 491 490 472 485 507 460 525 492 534 511 540 526 
458 422 477 417 497 418 513 419 521 414 538 431 533 472 512 479 495 475 534 440 524 483 503 486 487 481 524 451 518 493 494 493 476 488 510 463 528 494 537 514 544 529 
460 425 479 421 499 423 515 424 523 419 539 435 535 474 514 481 498 478 536 443 526 486 505 489 489 484 526 453 519 496 496 496 477 491 512 465 530 498 538 517 544 532 
463 428 482 425 501 427 517 428 525 422 541 440 537 481 515 486 499 482 537 448 527 491 506 493 491 488 527 458 520 500 497 500 479 495 514 469 532 502 540 521 545 537 
465 432 483 429 503 432 517 434 525 428 543 444 538 485 515 491 499 487 539 452 527 496 506 498 491 493 529 462 521 505 498 505 479 499 516 473 533 507 541 526 547 542 
466 434 484 433 504 437 519 441 527 437 546 447 539 490 516 495 500 490 542 455 528 501 506 502 490 496 531 464 522 509 499 509 481 503 517 476 535 510 543 530 548 546 
467 435 487 437 507 443 521 450 528 450 548 450 540 495 516 498 501 493 544 457 530 505 507 505 491 498 532 466 524 513 499 512 482 505 518 478 536 513 544 533 551 549 
469 437 490 440 510 448 522 458 528 464 550 453 543 497 519 500 504 494 545 460 532 508 509 507 493 500 533 469 525 516 501 514 483 506 518 480 537 515 545 534 552 550 
470 438 491 442 512 451 523 463 528 470 552 455 543 499 520 502 505 496 546 462 532 510 509 509 494 502 534 471 526 518 502 516 485 508 519 483 538 517 546 537 552 553 
472 441 492 443 512 451 524 461 530 467 552 456 545 500 521 502 507 495 546 464 533 511 511 509 496 501 534 473 526 519 502 517 485 508 520 485 537 519 546 538 553 555 
472 443 491 443 512 449 526 456 533 457 552 457 545 502 521 504 507 497 547 464 534 513 510 512 495 503 535 473 527 520 502 519 485 511 520 485 539 519 547 539 553 555 
473 443 492 444 512 450 526 456 534 455 553 459 545 503 521 504 506 497 547 466 533 513 510 511 495 502 535 475 527 521 502 518 485 509 521 487 539 520 546 539 552 555 
474 445 493 445 514 450 528 456 535 456 555 459 546 504 522 505 508 497 548 467 535 514 512 512 497 503 536 476 527 522 503 518 485 510 521 488 539 521 546 540 552 557 
476 445 494 446 514 449 529 453 536 451 555 459 548 505 523 505 510 497 548 466 535 515 512 513 498 502 535 475 528 523 503 519 486 509 520 487 539 521 547 540 552 556 
477 447 495 445 515 448 531 451 539 448 556 461 550 505 527 506 513 497 550 469 538 516 515 515 500 505 538 479 530 524 505 522 487 513 523 491 540 525 547 545 552 560 
479 449 497 446 517 449 534 452 542 448 558 461 553 506 530 507 517 499 551 469 541 517 518 516 504 506 539 479 532 525 507 523 490 515 524 491 541 527 548 547 553 562 
481 450 499 447 520 449 537 452 546 448 560 464 556 507 534 508 521 499 553 472 543 518 520 517 506 507 541 482 534 527 508 524 490 514 526 494 542 529 549 550 554 565 
481 451 500 448 522 451 539 455 548 451 564 465 558 511 536 512 523 504 557 473 545 522 523 519 509 510 544 483 535 530 510 527 492 518 527 494 543 532 549 553 554 569 
482 453 502 449 524 452 542 455 550 451 566 469 559 514 536 515 524 507 559 477 546 524 523 521 508 512 546 486 536 532 510 528 493 518 529 497 545 535 550 556 554 572 
483 455 503 451 526 454 544 457 553 452 568 471 561 518 538 518 526 510 562 480 547 527 524 524 510 514 548 489 537 536 511 531 493 520 530 500 546 539 551 560 555 576 
483 457 504 452 527 454 546 457 556 453 570 473 563 519 541 519 529 511 563 482 550 528 528 526 514 516 549 492 538 536 512 533 495 523 531 503 546 541 550 562 554 577 
483 458 504 453 527 455 547 457 558 451 571 477 562 523 540 524 527 515 564 486 549 532 526 529 513 520 550 495 538 540 512 536 495 525 532 505 547 543 552 564 555 579 
483 460 503 452 528 454 548 455 560 446 572 478 563 523 542 523 530 514 565 487 550 532 529 529 516 519 551 498 539 541 513 536 497 525 533 509 547 546 552 566 556 581 
483 461 503 452 528 452 549 453 561 443 572 478 562 524 541 523 530 515 565 489 549 533 528 530 515 520 551 500 538 541 512 537 496 525 533 511 548 548 552 568 557 583 
482 462 502 452 527 452 548 452 562 442 570 479 562 523 541 523 529 514 564 490 549 533 528 530 515 520 550 500 537 541 512 537 495 525 533 512 546 549 551 568 556 583 
481 463 502 452 527 450 548 449 563 439 569 479 560 522 539 521 528 511 562 490 547 533 526 529 514 518 548 501 536 542 511 536 495 524 530 514 545 549 550 569 555 583 
480 463 501 450 526 447 549 444 565 433 568 477 560 519 540 517 529 508 561 489 547 529 526 525 513 515 547 501 534 539 509 533 494 520 530 514 544 549 549 568 555 583 
475 458 498 447 524 445 548 442 562 429 567 475 560 517 540 518 528 509 561 486 546 527 525 524 511 515 547 498 534 537 508 532 493 521 529 511 544 547 549 566 555 580 
474 456 496 445 523 442 547 438 561 425 565 472 558 513 539 513 527 505 559 484 546 524 525 520 512 511 546 496 533 533 509 528 494 517 529 508 543 544 548 563 555 577 
471 454 494 442 522 438 546 433 562 419 563 469 557 510 538 510 527 501 558 481 546 519 526 517 513 507 544 494 534 530 510 525 496 514 527 507 542 542 548 560 555 573 
468 450 493 438 521 433 546 427 562 412 561 466 557 504 540 505 529 497 555 479 547 513 528 512 515 504 542 492 534 525 513 522 500 512 524 505 539 539 546 556 554 568 
465 447 492 432 520 427 547 420 563 404 560 462 557 498 541 499 531 491 554 476 547 507 531 507 519 499 539 491 535 519 517 517 507 507 521 504 536 535 543 551 551 562 
460 441 489 426 518 421 546 413 561 397 559 455 553 491 537 493 527 484 553 469 543 500 527 499 514 490 539 485 532 513 514 510 503 501 522 499 535 530 542 545 549 556 
457 438 488 423 517 417 544 409 560 395 556 452 553 486 536 488 526 480 550 467 542 495 527 495 515 487 536 482 531 508 515 506 504 497 519 496 533 525 541 540 549 551 
455 436 486 420 515 414 542 407 560 393 554 450 549 481 533 483 523 476 548 466 539 491 525 491 513 483 535 481 530 505 513 502 502 494 518 495 532 523 539 538 547 548 
453 434 484 416 514 411 543 404 562 392 551 448 545 475 531 476 521 469 545 465 536 486 523 485 511 478 531 481 527 500 513 498 502 490 515 495 528 520 535 534 541 543 
450 433 482 413 513 406 543 401 563 390 547 445 542 468 528 469 518 461 541 464 533 479 522 478 510 470 528 480 525 495 512 492 501 483 512 494 525 517 531 531 534 538 
446 432 478 410 510 402 541 396 562 386 546 442 540 458 526 457 514 450 539 463 532 470 521 467 509 460 525 480 524 488 512 483 500 474 510 493 525 513 531 526 534 532 
442 431 477 405 510 396 541 390 561 380 544 443 540 445 525 442 512 437 535 464 532 460 521 455 509 451 520 481 524 480 513 474 501 466 505 493 523 508 532 520 537 527 
441 430 476 402 510 392 541 384 562 374 543 440 537 440 521 436 510 432 533 461 529 456 518 451 507 446 518 477 520 475 509 469 499 461 502 488 517 502 524 513 528 519 
440 429 475 398 509 387 540 377 560 366 543 438 533 432 517 427 506 425 532 459 525 449 514 443 503 440 515 475 515 469 505 462 495 455 499 485 514 496 522 507 527 513 
439 430 473 397 508 384 539 371 559 359 542 437 530 425 514 419 505 419 530 458 522 442 512 436 502 435 513 473 513 461 503 455 493 451 497 483 512 489 519 496 522 500 
440 429 474 395 508 380 538 366 558 353 539 433 528 418 512 413 504 414 527 455 521 435 510 429 501 430 512 470 512 455 502 448 493 446 497 480 512 483 518 488 520 491 
436 431 469 394 505 378 536 362 557 347 537 429 526 410 510 404 501 406 526 452 520 427 509 421 498 423 513 467 512 447 501 440 490 439 499 477 512 472 511 469 508 469 
430 434 465 394 504 377 537 363 559 352 535 425 529 402 512 396 501 399 525 449 521 420 508 414 497 418 512 464 510 439 498 432 488 432 499 474 504 457 495 450 488 447 
427 435 461 393 501 376 535 364 557 353 532 422 529 400 512 394 502 397 523 445 523 417 509 411 497 415 511 460 512 434 499 428 489 430 498 470 503 449 493 442 485 441 
430 437 463 393 502 378 533 367 556 356 533 421 526 397 510 392 499 395 523 443 520 414 505 408 491 411 509 457 508 430 495 424 482 425 494 466 503 447 495 439 488 437 
434 438 463 394 501 379 532 370 555 360 531 419 521 397 506 392 496 395 523 441 518 413 503 408 489 410 509 456 508 430 493 423 481 425 495 466 502 446 493 438 485 437 
438 441 466 397 503 383 531 375 555 365 531 417 515 397 501 394 491 397 522 437 512 413 497 408 484 410 508 451 502 428 487 423 475 425 494 462 499 446 492 439 485 437 
437 445 464 400 500 385 527 378 550 369 528 421 513 399 497 395 487 399 520 440 509 414 494 408 483 411 507 454 501 428 487 422 477 424 493 464 499 446 492 439 484 438 
439 447 465 402 501 389 528 382 552 372 529 423 510 399 494 396 485 401 519 441 506 413 490 408 479 413 506 454 498 426 482 422 472 426 492 464 498 446 490 439 483 439 
440 452 466 407 501 392 527 384 551 375 526 420 505 396 489 393 480 397 517 437 502 410 485 405 473 409 504 451 494 422 477 419 467 424 492 462 496 443 488 437 482 437 
438 453 464 409 500 394 526 388 549 377 524 423 508 396 490 389 478 392 514 439 503 406 483 400 468 404 502 452 493 418 474 413 461 418 490 462 495 438 488 430 481 430 
437 455 465 412 500 397 525 389 547 377 526 424 506 394 487 386 474 387 514 438 499 402 477 395 461 398 500 448 488 412 467 407 453 412 486 456 493 432 487 422 481 418 
435 455 463 413 498 398 523 391 545 379 522 423 506 393 486 385 472 388 512 436 499 401 477 394 460 399 499 445 488 411 466 406 452 411 487 452 491 428 482 419 474 418 
434 454 462 424 495 408 517 398 537 384 519 432 502 398 480 389 463 391 511 434 495 394 471 388 452 394 499 433 487 396 462 393 445 400 487 431 501 408 501 398 502 394 
435 453 466 416 498 400 520 390 543 377 521 424 499 392 478 384 465 388 506 432 488 394 464 388 447 394 490 438 474 402 452 398 437 405 477 442 475 418 464 411 455 409 
434 452 464 419 495 404 515 393 535 380 520 425 502 391 479 381 464 384 508 428 491 388 466 382 449 389 495 429 480 392 456 390 442 398 483 428 490 406 488 397 487 393 
435 451 464 417 495 402 516 392 537 380 519 421 502 386 478 378 463 382 507 426 490 387 465 382 448 389 493 428 479 393 455 391 440 399 480 429 486 407 484 400 483 397 
436 451 465 414 495 396 516 388 537 378 517 417 500 382 477 374 462 379 505 425 488 386 463 381 446 388 491 430 476 394 453 391 438 399 479 433 480 409 474 401 470 398 
434 451 463 416 492 399 514 392 535 382 516 415 500 379 476 373 461 378 505 422 487 383 463 380 446 388 492 426 476 391 453 390 439 398 481 429 480 405 472 399 466 398 
434 451 457 415 486 399 510 392 531 382 515 413 496 374 471 370 455 377 509 420 488 380 463 378 446 387 499 423 483 387 459 387 444 396 488 425 496 403 497 398 499 399 
436 448 459 411 489 395 513 392 536 385 513 406 495 371 470 368 456 375 501 417 484 381 457 380 440 390 489 426 472 394 449 393 434 401 479 433 470 409 456 404 448 404 
434 448 460 417 490 401 515 397 537 391 507 405 494 372 471 369 457 375 497 413 484 378 459 379 443 388 485 420 472 391 449 390 434 398 475 426 469 404 457 398 449 397 
431 446 458 425 488 408 513 401 536 395 500 400 492 368 472 369 460 377 488 403 481 370 458 375 443 385 478 407 468 381 446 384 433 394 469 410 463 391 451 387 444 388 
432 444 455 427 487 410 515 406 537 404 500 398 494 365 471 369 457 379 489 399 481 364 458 371 446 384 477 401 467 373 445 380 436 393 467 401 463 381 450 380 444 383 
433 443 459 429 491 413 519 409 540 407 501 395 493 361 469 369 455 381 488 395 480 361 458 370 446 383 475 396 465 371 444 381 435 393 466 397 462 378 449 378 444 381 
433 443 454 431 487 416 517 414 538 414 503 395 492 360 467 368 454 380 491 395 480 360 456 370 446 383 479 396 466 370 444 380 435 393 469 396 465 377 451 378 446 381 
434 444 455 435 487 419 516 417 538 420 503 397 492 361 466 370 452 382 491 396 479 361 456 371 445 384 479 397 465 371 443 381 434 393 468 397 463 377 450 378 445 381 
434 446 455 438 486 422 515 420 537 423 502 399 492 363 466 370 452 381 490 398 479 364 455 373 443 384 477 398 464 373 443 382 433 392 467 398 462 378 449 379 444 382 
434 447 453 438 485 423 515 423 536 425 502 400 491 366 464 371 448 381 491 400 480 365 455 373 442 384 480 400 467 374 445 382 433 391 469 400 465 381 451 381 445 384 
433 447 453 440 484 426 513 425 534 424 499 400 488 367 462 371 445 380 488 400 477 367 454 374 439 385 477 401 465 376 444 383 432 392 468 402 464 382 450 383 443 385 
432 446 451 439 482 425 512 425 532 425 496 400 488 367 464 370 446 380 487 400 477 367 454 372 439 383 476 401 465 376 445 382 433 391 467 402 463 383 449 384 441 387 
432 446 451 437 482 423 512 424 531 425 496 400 487 367 462 372 445 383 488 400 477 367 454 373 440 384 478 401 466 375 445 382 433 391 468 403 463 383 449 385 442 389 
429 443 449 432 480 419 510 421 531 420 496 400 489 368 465 371 449 381 487 400 480 367 457 372 442 383 477 401 469 376 447 382 434 392 469 401 465 384 451 385 442 388 
428 441 446 429 478 417 508 418 529 418 498 403 491 369 468 371 454 380 489 403 482 369 458 373 445 383 480 404 470 377 448 382 436 392 471 402 468 384 453 385 445 389 
428 441 447 427 478 415 507 414 529 414 498 403 492 368 469 370 454 380 489 402 483 366 459 372 446 384 481 402 471 373 447 381 435 394 473 401 469 382 454 382 447 386 
428 440 444 421 476 409 506 410 528 412 500 401 493 364 470 368 459 380 493 402 483 364 459 372 449 385 485 404 473 372 447 381 437 395 477 404 474 382 460 381 454 385 
427 439 443 420 476 406 506 406 528 409 500 399 493 360 470 366 461 378 493 401 483 361 458 370 450 384 485 402 472 369 446 378 437 393 477 403 473 380 459 379 454 383 
426 436 441 418 472 404 502 403 525 406 500 398 495 357 473 367 467 381 495 400 485 359 461 371 455 385 487 402 473 368 448 379 441 395 478 402 474 380 461 381 457 385 
424 434 440 417 472 404 502 403 526 404 500 396 497 354 475 365 469 381 495 398 485 358 461 370 455 386 486 401 474 366 449 378 441 395 477 401 474 380 462 380 458 384 
423 433 436 414 469 402 499 400 524 401 502 398 498 355 475 364 470 380 497 401 489 357 464 369 457 384 490 402 479 367 453 377 444 393 481 403 480 381 468 381 464 386 
421 433 436 413 468 400 497 398 523 399 502 398 497 354 474 364 470 380 498 400 488 356 462 368 456 384 489 402 477 364 451 375 442 392 480 402 479 379 467 380 463 385 
419 433 434 408 467 394 498 392 522 394 498 394 496 349 475 359 473 376 494 401 486 357 465 369 462 386 486 405 478 370 455 380 448 395 477 408 484 387 476 387 474 391 
416 430 434 405 467 392 497 391 520 391 495 392 496 348 477 358 474 374 491 400 488 358 470 369 467 383 483 405 481 371 462 377 455 391 474 408 486 388 482 386 481 389 
413 430 430 405 463 391 494 389 517 388 493 391 495 346 475 355 472 372 490 398 488 355 470 364 468 379 482 402 483 366 463 372 456 386 475 404 487 384 484 382 483 385 
411 428 429 399 462 385 493 383 516 384 493 387 493 341 472 351 470 369 491 395 488 351 469 361 467 376 483 400 483 363 464 369 457 384 475 403 488 382 484 380 483 383 
410 425 426 394 458 379 487 376 508 375 494 385 491 339 470 348 467 365 493 393 487 348 468 356 466 371 485 397 483 359 464 365 458 379 477 399 487 377 482 376 481 380 
408 422 426 390 456 374 483 370 502 368 489 380 489 336 469 344 466 361 487 389 485 347 468 354 464 368 479 395 480 359 462 364 456 376 471 398 483 377 480 375 479 379 
404 419 423 388 453 372 480 367 501 367 483 373 485 332 466 340 463 356 481 383 481 343 465 351 461 364 473 389 476 356 460 360 454 372 466 393 479 373 476 371 475 374 
399 417 419 384 450 368 477 363 496 361 479 372 481 330 463 336 460 351 476 382 478 343 463 348 459 360 467 389 471 356 457 357 451 367 459 393 473 372 471 368 469 370 
398 415 416 380 447 363 475 358 496 358 477 365 477 323 458 332 456 349 475 377 473 337 457 344 453 358 467 384 468 350 452 354 445 367 459 389 473 368 470 365 468 368 
393 412 412 378 444 361 472 357 492 356 473 360 473 318 455 328 453 345 471 372 470 333 454 341 451 355 463 380 464 347 450 351 444 364 455 385 468 365 465 362 464 365 
390 410 410 375 443 357 471 355 489 356 470 358 469 317 453 325 451 341 467 371 467 331 453 339 451 352 459 379 461 346 448 349 444 360 451 384 464 363 462 360 461 363 
390 408 407 372 440 354 469 353 487 355 470 356 467 312 448 323 446 340 468 368 463 326 448 335 447 350 460 376 459 341 444 345 440 358 451 381 464 360 461 357 461 360 
389 404 406 368 439 351 467 352 484 356 471 355 465 310 445 322 445 339 469 366 462 320 446 331 446 347 461 373 458 335 442 341 439 356 453 378 464 355 461 353 462 357 
390 403 404 367 435 349 465 349 482 352 471 352 463 306 443 319 443 338 472 364 460 318 444 330 444 346 465 372 458 334 441 341 438 356 456 377 465 354 460 354 460 360 
390 401 403 365 434 348 463 349 480 353 469 349 460 303 441 318 443 337 470 361 458 315 442 329 443 346 464 369 456 332 440 341 437 356 456 375 464 352 459 353 460 359 
389 399 401 364 432 346 462 346 480 352 465 346 458 302 439 317 441 335 466 358 457 315 440 328 442 344 459 366 455 332 438 340 436 355 452 373 462 351 458 351 458 356 
387 399 398 365 431 349 462 349 480 353 464 346 458 302 438 317 439 334 464 358 456 316 439 328 440 343 458 367 454 332 437 340 434 354 450 373 459 351 455 351 455 355 
385 400 398 365 431 348 461 349 480 354 461 347 457 303 438 316 437 333 460 358 455 316 439 327 438 342 453 367 452 332 436 339 432 352 445 374 456 352 453 350 453 353 
384 399 395 363 427 346 457 347 475 352 463 348 455 302 435 316 435 334 464 359 454 313 436 325 437 342 457 367 452 328 434 337 431 353 449 372 456 348 450 348 450 354 
384 399 394 364 425 346 454 345 471 347 462 345 453 300 434 315 435 334 463 356 451 312 435 325 437 342 457 364 450 328 434 337 432 352 449 370 455 347 449 349 449 356 
382 398 393 364 425 346 454 345 470 346 461 344 450 299 431 313 433 331 461 355 449 310 433 323 435 340 455 362 447 326 431 335 429 350 446 368 453 345 447 346 447 352 
380 397 391 363 422 345 450 342 466 341 457 343 448 299 430 313 431 330 458 354 447 310 431 323 432 338 451 361 445 326 429 335 426 349 443 367 450 344 445 345 444 351 
379 395 389 362 420 344 450 343 467 345 457 342 446 296 427 310 429 329 458 351 444 306 428 320 430 336 451 358 443 322 426 331 424 346 443 364 449 341 444 342 445 347 
377 394 388 362 420 344 450 343 467 342 453 338 444 294 426 309 426 327 453 349 441 305 425 318 426 335 446 357 439 321 423 330 420 345 438 363 445 340 440 341 439 346 
375 391 385 360 417 342 446 340 461 339 455 338 443 293 424 308 425 326 455 347 440 302 424 317 426 333 449 354 439 317 423 328 421 343 440 360 443 336 436 339 436 346 
375 388 382 353 411 334 437 330 449 330 459 339 441 292 421 307 423 326 461 348 440 300 422 314 424 331 456 354 440 314 423 325 421 340 448 358 442 332 432 337 432 346 
377 384 385 350 413 332 437 327 449 326 457 339 443 293 422 306 422 323 458 347 442 299 423 311 422 327 454 352 441 311 422 320 419 335 448 355 442 327 429 333 427 342 
378 381 386 346 413 329 435 323 448 319 457 340 445 295 424 303 419 319 459 349 444 303 423 310 418 324 455 355 443 314 422 320 415 333 449 358 443 327 429 330 423 339 
375 380 386 341 413 323 435 315 449 309 456 343 447 305 426 304 418 315 456 354 446 315 424 315 414 325 450 360 442 326 421 327 410 336 445 365 440 337 425 337 417 344 
375 383 386 341 410 320 431 309 446 301 455 341 450 313 435 307 426 310 456 354 450 326 432 321 420 325 449 364 445 338 427 333 416 338 441 372 439 349 426 345 417 348 
374 385 384 340 409 319 430 308 448 300 458 340 447 312 429 310 420 316 457 355 449 326 431 322 419 328 449 365 445 340 427 335 416 341 440 375 440 352 427 348 418 350 
375 384 386 338 410 316 431 305 448 294 457 335 447 310 431 308 422 313 457 352 449 326 432 323 421 329 450 366 446 342 430 338 420 343 441 379 443 356 432 351 424 353 
376 383 383 337 407 315 431 302 447 289 455 331 447 307 429 308 420 316 460 351 451 325 433 324 423 332 456 368 452 343 435 341 425 347 449 383 451 359 439 355 429 360 
378 379 385 336 410 313 434 300 448 285 456 335 449 311 433 311 425 318 461 358 455 330 439 327 428 335 457 376 459 350 443 346 431 352 450 391 458 368 448 363 438 365 
380 380 387 337 411 313 434 299 448 282 457 335 452 312 435 313 425 321 461 359 456 333 440 332 428 339 457 378 458 355 442 352 429 357 450 393 458 373 450 368 441 369 
379 379 386 335 409 313 432 297 445 278 460 331 451 314 435 317 425 325 464 355 457 334 441 335 429 342 460 375 460 356 444 356 432 361 454 392 464 376 456 372 447 373 
379 375 387 333 411 310 433 291 444 269 462 327 453 322 437 327 425 333 466 352 458 342 444 344 431 349 464 374 462 363 447 364 435 368 458 394 472 384 468 381 458 381 
373 374 384 334 410 309 433 288 444 264 460 328 458 319 441 324 430 330 466 353 461 340 448 342 437 348 463 375 464 363 451 364 439 367 458 394 473 385 469 382 461 382 
370 373 386 332 412 306 434 284 445 262 463 328 458 321 442 325 430 331 466 353 461 341 448 343 436 348 462 376 463 364 451 364 438 367 455 396 475 387 475 384 468 383 
368 373 386 332 414 305 436 282 445 258 465 328 460 321 444 325 432 330 468 354 462 341 449 342 437 348 464 376 464 364 451 364 438 367 457 395 474 386 474 384 468 383 
368 371 387 329 415 304 438 281 446 257 465 329 462 320 445 323 433 329 468 355 464 340 451 340 440 346 463 377 466 363 453 362 440 365 456 395 476 387 479 385 475 386 
369 371 388 328 416 303 438 279 445 255 468 329 462 319 446 322 434 328 470 355 464 339 451 339 439 344 464 377 466 363 454 362 441 364 456 394 477 388 482 386 480 387 
370 369 390 326 418 302 438 278 445 255 469 329 464 319 448 322 436 327 471 355 465 339 452 338 441 343 465 377 466 363 454 361 441 363 456 394 477 389 485 389 487 390 
372 368 392 326 419 302 440 278 446 255 472 327 464 321 447 325 436 330 473 353 464 341 451 340 440 344 467 375 466 364 453 362 440 363 458 392 478 390 487 391 489 391 
374 366 395 326 422 302 442 278 449 256 474 328 465 325 449 328 438 332 475 353 464 343 452 343 441 346 469 375 466 365 453 364 440 364 459 392 479 391 488 393 492 395 
377 365 398 326 424 303 444 280 450 258 477 328 467 332 452 336 442 339 478 352 465 349 454 349 443 350 471 374 467 370 455 369 442 368 463 391 482 395 491 398 495 399 
378 365 400 328 427 305 447 283 452 261 478 327 473 342 459 347 448 348 481 351 472 359 461 361 450 360 475 373 472 378 461 379 448 376 467 391 486 399 496 404 499 406 
378 365 402 330 429 309 449 287 455 264 478 328 480 348 468 354 455 353 481 350 478 364 468 367 456 366 476 372 478 383 467 384 454 381 468 391 490 403 501 409 506 412 
379 367 405 333 432 312 452 292 457 270 482 331 483 353 470 360 458 359 484 352 481 368 470 372 458 372 480 373 481 386 469 388 456 385 473 393 494 406 506 413 511 418 
383 370 409 337 435 317 455 296 459 274 484 334 487 359 474 366 461 364 488 354 484 374 472 378 460 378 484 375 484 393 470 394 457 392 477 395 498 411 509 418 515 423 
386 371 412 340 438 322 458 302 461 280 486 339 490 366 477 373 464 371 490 358 487 382 474 386 462 386 486 378 487 399 472 401 458 399 480 397 502 416 511 424 516 430 
390 373 416 344 441 328 459 309 462 287 490 343 495 373 481 380 469 379 493 360 491 387 478 392 465 393 489 380 491 405 475 407 461 406 482 398 504 419 514 429 521 436 
394 374 419 349 444 334 463 315 466 294 493 348 497 381 483 388 470 387 495 363 493 394 478 400 465 401 491 382 492 411 474 414 459 412 483 400 506 424 516 434 523 442 
398 380 426 360 450 347 468 330 472 311 496 359 504 395 486 403 471 401 499 373 499 409 484 416 471 415 494 389 496 423 477 428 462 426 486 406 509 431 520 443 529 451 
406 383 431 365 455 352 474 335 476 315 498 364 507 402 488 411 472 408 500 376 503 415 486 421 471 419 496 392 502 429 481 433 466 430 489 409 514 435 524 447 531 457 
412 385 435 370 458 358 477 342 481 322 503 370 508 411 488 419 472 416 505 382 503 423 484 428 469 425 500 396 502 436 481 439 464 436 491 413 516 439 527 453 537 464 
417 386 440 373 463 362 481 348 484 329 506 375 511 417 490 425 472 422 508 385 505 430 485 433 468 429 503 399 504 441 481 443 464 438 494 414 520 442 532 456 542 468 
420 388 443 376 466 367 483 354 488 336 508 379 514 423 491 430 473 425 509 389 507 435 485 437 468 431 503 402 506 446 482 447 464 440 496 417 521 445 534 460 545 473 
424 390 446 380 469 371 487 360 491 343 511 384 515 428 493 434 475 429 512 393 508 439 486 441 469 435 506 405 507 450 483 450 465 443 498 420 524 448 536 464 547 477 
428 394 450 384 473 376 489 367 494 349 515 388 518 433 495 439 477 434 515 397 511 445 489 446 472 439 510 409 510 455 485 455 468 447 501 424 526 452 538 468 548 481 
432 397 453 390 476 383 492 374 498 358 518 394 521 439 498 445 479 439 518 402 514 450 491 452 474 444 512 413 513 460 488 460 470 451 503 427 529 456 541 472 551 485 
435 400 456 395 478 388 495 381 502 365 520 399 523 446 499 450 482 443 520 405 516 456 493 455 477 447 514 415 516 464 491 463 474 453 505 429 531 459 544 475 554 489 
438 404 459 400 482 394 499 386 506 371 523 404 525 451 501 455 484 448 522 409 518 460 495 460 479 452 516 419 518 469 493 467 476 458 507 432 533 462 545 479 556 493 
441 408 462 405 485 399 501 392 509 377 525 409 526 455 502 460 485 452 525 414 519 465 495 464 480 456 519 422 519 472 493 470 477 461 510 435 535 465 547 483 558 498 
443 412 464 410 486 405 503 397 511 382 527 414 527 461 503 464 487 455 526 417 520 470 496 468 482 458 520 425 520 476 495 473 479 462 512 437 536 468 549 485 560 501 
446 415 466 414 489 408 506 401 514 386 530 418 529 467 504 468 488 458 530 421 522 474 497 471 483 461 523 429 521 481 495 476 480 465 513 441 538 471 551 490 562 506 
446 417 466 417 490 412 507 405 517 391 531 422 529 471 503 471 488 461 530 425 521 478 496 474 482 464 524 432 521 484 495 479 480 468 514 444 539 474 551 492 562 509 
448 420 469 419 492 415 509 408 519 393 533 424 531 473 505 474 491 464 532 427 523 481 497 477 484 466 525 435 522 488 496 482 480 470 515 447 540 476 553 494 565 510 
451 422 471 420 493 416 510 411 520 399 535 425 534 472 509 474 493 465 533 429 525 482 500 478 486 468 526 438 524 489 498 484 482 472 517 450 542 479 554 496 565 511 
452 423 472 421 493 419 510 416 522 407 535 425 533 472 509 474 493 466 533 430 525 482 500 479 486 469 526 439 524 489 497 486 481 475 517 452 542 480 554 497 565 512 
454 426 473 423 493 420 510 417 522 408 535 428 534 473 509 475 494 466 533 434 526 484 500 481 486 471 526 443 524 491 497 487 480 477 517 456 542 483 554 500 565 515 
455 428 474 425 494 423 510 420 522 412 534 431 533 474 509 475 494 466 533 436 525 485 500 482 486 472 526 446 524 492 496 489 480 478 519 458 543 485 555 501 566 516 
455 429 473 427 494 425 510 423 522 416 535 430 536 475 511 479 496 471 533 435 528 486 503 485 487 474 527 444 526 494 499 492 482 482 518 458 543 486 554 503 565 517 
455 431 474 428 494 427 510 425 521 419 535 432 535 475 511 479 495 471 533 438 529 487 503 486 487 477 526 448 527 495 499 493 482 484 518 462 543 488 554 505 565 519 
456 432 476 431 496 431 511 431 522 427 535 433 537 475 512 479 497 472 532 439 530 487 503 486 488 477 525 450 526 495 499 494 482 484 518 463 542 489 553 505 564 519 
456 433 478 436 499 441 512 450 520 456 538 435 538 478 514 481 499 473 532 443 531 489 505 488 489 479 524 453 527 497 500 495 483 486 516 466 542 492 552 508 563 521 
456 435 479 437 499 442 512 451 520 457 538 434 539 477 516 481 501 475 533 441 533 489 507 488 491 481 524 453 528 497 502 496 486 487 517 466 542 493 553 508 563 520 
457 434 479 436 500 442 512 450 521 457 538 434 539 476 517 480 502 473 533 441 533 488 507 488 491 480 524 453 528 497 502 496 486 487 517 466 542 493 553 507 563 520 
457 434 479 434 500 439 512 449 521 456 538 432 540 473 518 478 503 473 533 440 534 486 509 487 492 479 525 452 530 495 505 495 488 486 517 466 543 493 553 508 563 519 
457 434 480 435 501 440 514 449 522 455 538 433 539 474 517 478 503 472 532 441 533 486 507 486 491 478 523 452 529 495 502 494 485 485 516 466 542 491 552 506 562 519 
458 434 482 435 503 440 515 449 524 456 539 432 540 474 518 478 504 471 533 440 534 486 508 486 492 479 524 452 529 495 503 494 486 486 517 466 543 490 553 504 563 516 
459 433 482 434 502 439 515 448 524 455 539 432 540 473 518 477 504 470 532 440 534 486 508 486 492 477 524 452 529 494 502 493 486 484 516 465 542 490 552 504 562 516 
460 433 483 434 503 439 516 448 524 455 538 432 541 472 519 477 505 470 532 440 534 484 508 485 492 477 523 452 528 493 502 493 485 484 516 465 541 490 551 503 561 514 
461 432 482 432 503 437 516 446 524 453 538 431 540 472 519 476 505 469 533 439 534 485 509 485 493 477 524 450 528 493 502 492 485 483 516 464 541 488 551 502 561 514 
462 433 484 432 503 437 516 446 525 452 538 431 539 470 518 474 504 468 532 439 533 483 509 483 493 476 524 451 527 492 501 491 484 482 516 465 541 488 551 501 561 513 
463 434 484 434 504 439 516 449 525 455 537 431 539 471 518 475 505 468 531 440 533 482 508 483 493 475 523 451 526 490 499 490 484 482 515 464 540 486 551 498 561 509 
463 433 483 433 503 439 516 448 524 454 537 430 538 470 517 474 503 468 532 438 531 482 507 483 492 475 524 450 526 491 500 490 483 482 517 464 542 487 552 501 561 513 
463 432 482 431 501 437 514 445 523 452 537 430 538 469 517 474 503 469 533 438 532 482 508 483 492 476 525 449 527 490 501 490 484 483 517 463 541 487 550 502 559 514 
462 431 479 432 499 438 512 447 521 452 538 427 539 471 516 476 501 470 533 434 532 483 508 484 491 476 524 445 527 491 501 491 485 482 515 460 540 485 551 501 560 514 
462 431 477 434 496 439 510 446 519 450 535 425 536 471 513 475 499 469 532 430 531 482 507 483 492 475 524 440 526 489 502 489 486 482 515 454 540 481 552 496 561 510 
461 430 474 437 492 442 503 449 511 451 532 424 530 469 508 472 495 466 531 427 527 478 503 478 488 471 524 435 523 483 499 482 483 475 516 448 540 472 550 487 559 502 
459 430 473 440 492 444 503 450 512 452 529 422 527 466 507 471 493 466 528 423 524 475 501 476 484 470 522 430 523 478 500 479 484 474 515 442 540 467 551 483 560 497 
455 432 471 446 489 450 499 455 505 457 523 420 525 461 506 468 493 465 522 418 523 468 499 471 482 467 517 424 521 471 498 474 481 471 511 435 538 454 550 467 559 479 
452 430 469 443 486 447 497 452 504 452 517 417 520 454 503 464 489 464 517 414 521 461 498 466 480 465 513 418 520 463 497 467 480 466 508 427 534 447 545 459 554 471 
448 427 467 442 485 446 497 451 505 452 514 412 521 450 503 459 489 458 512 409 519 456 496 460 478 458 507 413 516 457 493 462 476 460 501 422 528 438 541 449 552 459 
444 426 465 437 484 438 496 441 504 440 508 408 513 445 495 452 483 449 506 405 512 450 488 454 471 451 499 409 508 450 485 455 470 453 493 417 521 431 537 440 550 451 
442 419 455 432 469 438 476 444 478 446 501 400 506 438 488 446 475 445 501 399 508 445 485 449 469 446 498 404 508 446 485 451 470 448 496 415 522 430 536 440 548 449 
438 416 456 426 475 429 488 432 497 434 502 399 510 437 491 446 476 444 500 401 510 446 486 451 470 449 496 406 508 447 485 453 469 451 492 416 520 429 533 438 546 448 
437 417 455 424 474 423 487 425 497 425 500 398 509 436 492 445 479 444 498 399 509 444 487 451 471 451 494 405 508 447 486 453 470 453 490 415 519 428 533 438 545 448 
436 417 454 423 473 422 487 424 497 424 501 398 510 436 492 445 478 444 499 399 510 444 487 452 471 452 494 405 508 447 486 455 469 455 491 416 519 428 533 438 545 449 
436 418 455 425 474 424 487 426 497 426 501 397 511 435 494 446 480 446 498 399 510 443 489 452 472 452 494 405 509 446 487 454 471 454 491 415 519 428 533 437 546 447 
435 418 454 424 473 423 487 425 497 425 500 397 509 434 491 445 476 444 497 399 509 443 487 451 470 451 493 406 509 446 486 454 469 454 491 416 520 427 535 436 548 446 
433 417 452 421 470 419 483 420 494 420 497 396 507 432 490 443 476 444 496 398 508 442 486 449 470 450 493 404 508 445 486 453 469 455 491 415 521 427 536 436 550 446 
430 418 449 421 468 418 482 418 493 418 494 394 506 428 490 441 476 444 492 396 506 439 485 449 467 451 489 403 505 444 483 454 466 457 487 414 519 424 535 433 549 443 
425 417 445 420 464 417 478 417 489 417 491 392 503 430 486 442 471 444 490 395 504 440 481 450 463 452 487 402 503 445 480 455 463 458 486 414 518 424 534 432 550 442 
419 418 439 419 459 415 473 414 484 414 488 390 502 430 485 443 470 445 487 393 503 440 480 449 463 452 484 402 501 446 479 456 462 460 481 415 515 425 533 433 549 442 
413 420 435 422 457 417 472 416 483 415 487 389 502 431 484 445 469 447 484 392 501 442 478 451 460 453 480 402 500 447 477 457 459 460 477 416 512 426 530 434 547 444 
409 419 432 421 454 416 469 416 481 416 485 389 502 433 483 447 466 449 482 393 500 443 477 452 459 454 478 403 500 448 476 458 459 461 476 417 511 429 530 438 547 448 
406 421 429 420 451 415 467 414 478 415 483 388 500 431 482 447 466 450 481 393 499 442 477 452 458 455 477 404 498 449 476 460 458 463 475 419 512 432 530 440 546 449 
403 423 428 424 451 419 467 419 478 419 483 391 500 434 482 450 465 453 481 395 499 445 477 455 458 457 477 406 498 451 476 462 458 464 474 421 511 433 530 441 546 449 
401 424 427 423 449 419 466 418 477 419 482 392 500 434 482 451 466 454 480 397 499 445 477 456 459 460 476 408 498 453 476 464 458 467 474 423 511 435 530 442 547 450 
400 426 427 425 449 420 465 420 477 420 482 393 501 434 483 451 467 455 480 397 500 445 478 457 460 461 476 408 498 453 476 465 458 469 474 424 511 437 530 444 547 451 
400 426 425 425 447 421 463 421 474 422 482 394 500 436 483 453 466 457 481 399 499 447 479 459 461 463 478 411 499 454 477 467 460 471 476 426 512 440 531 447 547 454 
399 429 426 430 449 425 465 425 476 426 482 396 503 437 485 456 469 461 480 400 501 448 480 462 462 465 477 411 500 456 479 470 461 473 474 427 511 441 531 449 547 456 
399 430 426 430 449 426 465 426 476 427 484 398 502 442 484 459 468 463 482 403 499 453 479 464 461 467 478 414 500 460 478 471 461 473 475 430 512 444 531 452 547 461 
399 432 427 431 451 428 467 428 477 429 487 403 504 448 485 464 469 466 484 408 499 459 478 468 460 468 480 419 499 465 477 475 459 475 475 435 511 450 530 460 546 469 
402 435 429 432 451 430 467 431 477 433 488 406 504 452 484 466 468 467 487 412 500 464 478 473 461 473 483 424 500 470 478 479 460 479 479 439 514 456 533 465 550 474 
402 438 430 439 453 437 469 438 479 440 490 412 505 457 486 473 469 476 489 417 501 469 480 478 462 478 485 428 501 474 479 484 461 484 481 443 516 461 534 472 549 481 
401 442 429 441 452 439 469 442 479 445 491 417 507 462 486 476 470 477 489 423 502 474 480 482 463 480 484 435 502 481 479 489 462 487 480 450 515 468 533 479 549 487 
403 446 431 443 454 441 470 443 480 446 492 419 507 463 487 478 470 478 490 426 503 475 481 485 464 485 486 438 502 483 480 492 462 491 482 454 518 472 536 481 552 489 
403 448 429 444 451 441 468 443 478 447 489 421 506 462 487 479 471 482 488 427 502 476 481 486 464 487 485 439 502 484 480 494 463 495 482 455 517 474 534 485 548 494 
402 449 427 443 449 440 466 442 475 446 487 422 503 464 485 480 469 482 487 428 500 477 480 486 463 487 485 441 501 485 479 496 462 496 482 458 517 478 533 488 547 497 
402 450 426 442 447 437 465 435 474 432 487 424 501 467 482 481 466 481 488 430 498 479 476 487 460 487 485 442 498 487 476 497 458 496 481 459 515 479 531 489 546 498 
402 451 427 441 449 436 466 433 476 430 488 425 501 468 482 481 466 480 488 431 497 480 476 487 460 486 485 443 498 488 475 497 458 495 481 460 514 480 531 491 546 500 
404 451 428 440 449 434 467 432 476 428 488 425 501 468 483 481 467 480 488 431 498 480 477 488 461 487 485 444 498 489 475 498 458 497 480 460 514 480 530 490 545 499 
404 450 428 439 449 433 466 430 476 425 488 425 500 468 481 480 466 480 489 432 496 481 474 488 459 487 485 444 497 489 474 497 456 497 480 461 514 480 529 491 544 500 
405 450 427 439 447 433 465 427 474 419 488 426 500 469 481 481 466 481 489 432 496 481 474 488 458 487 486 444 497 490 473 498 456 497 481 460 514 480 530 492 544 501 
406 451 427 440 448 432 465 426 473 418 490 427 501 471 481 483 465 482 491 434 495 483 473 488 457 487 487 446 497 491 473 497 456 496 482 462 514 481 530 492 544 502 
406 450 428 440 448 433 465 426 473 416 490 428 502 472 482 483 466 482 490 433 496 483 474 488 458 486 486 445 498 491 473 497 456 495 481 461 514 480 530 491 545 501 
407 449 428 439 448 431 465 424 473 415 490 427 501 470 481 482 466 481 490 433 496 482 474 488 458 486 486 444 497 490 473 497 456 496 481 460 514 480 530 491 544 500 
408 449 429 439 449 431 466 424 474 415 491 427 501 471 481 482 465 481 491 433 496 482 474 488 457 486 487 445 498 490 474 496 456 494 481 460 514 480 530 491 544 500 
409 449 430 438 450 431 467 425 474 417 491 426 501 470 480 482 465 480 491 432 496 481 474 487 458 485 487 444 497 489 473 496 456 494 482 460 514 479 530 489 545 499 
409 447 430 437 450 430 467 425 475 416 491 425 501 469 481 481 465 480 491 431 497 480 475 486 458 485 487 443 498 488 474 495 457 494 482 459 515 478 531 488 545 497 
410 446 430 437 450 430 467 424 475 415 491 424 500 468 481 480 465 480 492 430 496 479 474 486 457 485 489 443 497 488 474 495 456 494 483 459 515 478 531 489 545 498 
410 446 430 436 450 429 467 424 475 417 491 423 502 466 481 479 466 478 492 429 497 478 475 484 459 483 488 442 498 486 474 494 457 493 484 458 516 477 532 487 546 496 
410 445 430 435 450 429 467 424 476 416 491 422 502 466 482 478 466 476 492 428 498 477 476 483 460 481 488 440 499 485 475 493 458 491 483 457 516 475 532 485 547 494 
410 444 430 434 450 429 467 424 476 415 491 422 503 464 483 476 467 475 491 428 499 475 477 482 461 481 488 439 499 484 475 492 458 491 483 456 516 474 532 484 547 492 
411 443 431 433 451 428 467 423 476 416 491 421 502 463 482 475 467 475 492 426 498 475 476 481 461 480 489 438 499 483 475 491 459 490 484 454 516 473 532 483 546 492 
411 442 431 432 450 427 467 422 476 413 491 420 504 462 483 474 468 473 492 425 499 473 477 480 462 478 488 437 500 482 476 490 459 489 484 453 516 472 532 482 547 490 
411 442 431 432 451 426 468 422 476 413 491 419 503 461 483 474 468 474 492 425 500 472 478 479 462 479 489 437 500 481 477 489 461 488 484 453 517 472 533 482 547 490 
411 442 432 432 452 426 468 420 477 411 493 420 503 464 482 476 467 474 493 426 499 475 476 480 460 479 490 438 500 483 476 489 458 488 485 453 517 472 534 482 548 492 
412 443 432 433 453 426 470 422 478 415 492 418 504 461 485 474 469 474 492 425 501 472 479 480 463 479 489 437 501 480 478 489 461 489 485 453 517 472 533 482 547 490 
412 441 432 432 452 426 469 420 477 412 493 419 504 462 484 475 468 474 494 425 500 473 478 480 461 480 490 437 501 482 477 489 460 488 485 453 518 472 534 483 548 492 
412 442 433 432 453 425 470 421 478 413 493 418 505 461 486 474 470 474 493 424 502 472 480 480 465 478 490 437 502 481 479 489 462 488 485 453 518 472 534 482 548 490 
413 441 433 431 453 425 470 421 478 413 494 419 505 462 484 474 469 473 495 425 500 473 478 480 462 478 491 437 502 482 478 489 461 487 486 453 518 472 534 482 549 491 
413 441 434 431 454 426 471 422 480 416 493 418 505 460 485 473 470 473 494 424 502 471 480 479 464 478 490 436 502 480 479 488 462 488 486 452 518 471 534 480 549 488 
414 439 434 429 454 424 470 420 479 411 494 417 506 459 486 472 471 472 495 423 502 470 481 478 465 478 491 435 502 479 479 488 462 488 486 451 519 470 534 480 549 488 
414 439 434 429 454 424 471 420 480 412 493 416 506 458 487 471 471 470 494 422 503 469 482 477 466 476 491 434 503 478 481 486 464 486 487 450 519 469 534 479 549 487 
415 438 435 429 454 423 470 419 479 410 494 416 505 457 486 471 471 472 495 422 503 468 482 477 465 477 492 434 504 477 481 486 464 486 488 450 520 468 536 478 550 486 
415 438 436 428 456 422 472 418 481 411 495 415 507 457 487 470 472 470 496 421 504 468 482 476 465 475 493 433 504 476 481 485 463 485 488 449 520 468 536 478 550 486 
416 437 436 427 455 421 472 417 481 409 495 415 508 455 489 469 473 470 496 421 505 467 484 475 467 475 493 433 505 475 482 485 465 485 489 448 521 467 536 477 550 485 
416 437 437 427 456 420 473 415 480 407 496 415 507 456 488 469 473 470 497 421 504 468 482 475 466 475 494 433 505 476 482 484 465 484 489 449 521 467 537 477 551 485 
417 437 438 427 457 420 474 414 481 406 498 415 507 458 488 471 472 471 498 422 504 468 483 475 466 475 495 433 505 476 482 484 465 484 490 449 522 468 538 477 552 486 
418 436 439 426 459 420 476 415 483 407 499 414 509 457 490 470 474 471 499 421 505 468 484 476 467 476 496 433 506 476 483 484 466 485 491 448 523 468 539 478 552 487 
418 436 439 427 459 421 476 417 484 410 499 414 509 458 489 471 474 470 499 421 505 469 484 476 468 475 496 433 506 477 483 485 466 484 491 449 523 468 539 479 553 488 
418 437 439 427 459 421 476 417 484 409 499 415 510 458 490 470 474 470 499 422 506 469 484 476 468 474 495 434 506 477 483 486 466 485 490 450 523 468 539 478 553 487 
419 438 440 427 460 421 476 416 485 409 500 416 510 459 490 471 475 470 500 422 506 470 484 476 468 475 497 434 507 478 483 485 466 484 492 450 524 469 540 479 554 487 
420 437 441 427 460 421 477 416 485 408 501 416 510 459 490 470 475 469 501 423 506 470 484 476 469 475 498 435 508 478 484 485 467 484 493 450 525 469 541 479 555 488 
424 436 447 426 467 421 483 417 492 411 506 415 516 460 496 472 480 470 506 421 513 471 491 477 474 476 502 433 513 478 489 485 472 484 497 449 529 469 546 478 561 486 
427 435 449 425 469 420 486 417 495 410 510 414 520 458 500 470 484 469 510 421 516 469 494 476 478 475 506 433 516 478 493 485 476 484 501 449 532 468 549 477 564 486 
430 434 452 424 473 419 489 416 498 410 512 412 523 456 504 469 488 469 513 419 520 467 499 475 482 475 510 431 519 476 497 484 480 484 505 448 536 467 553 477 567 485 
434 431 456 422 477 417 493 415 502 410 517 410 526 454 507 467 491 467 518 417 524 465 503 473 486 473 514 430 523 474 502 482 485 482 509 446 540 466 556 476 570 484 
438 430 461 421 482 417 498 416 507 412 521 408 530 453 511 466 495 467 522 415 528 464 506 472 489 472 519 428 528 472 506 480 489 480 514 444 544 465 560 475 574 484 
442 428 466 420 487 417 503 418 513 418 526 405 534 450 516 464 500 465 527 412 533 462 512 470 495 471 524 425 533 469 512 478 495 479 519 441 550 462 566 472 580 481 
447 425 472 419 495 418 510 422 519 426 533 401 541 447 522 462 505 463 533 408 540 459 519 468 501 469 529 421 540 467 518 475 501 476 524 438 556 460 572 470 586 479 
453 424 480 420 503 418 518 423 527 427 541 400 551 445 532 459 516 461 540 407 549 457 528 466 510 467 535 420 548 465 526 473 509 473 530 436 562 457 579 467 593 476 
460 423 489 419 512 418 526 422 536 426 549 399 561 443 541 456 524 456 547 406 558 455 537 463 520 463 543 419 557 463 535 471 518 469 538 435 570 455 587 465 602 473 
468 421 497 417 520 416 534 420 544 424 557 397 569 441 549 454 533 455 556 405 567 452 545 461 528 461 551 418 566 461 544 469 527 468 546 433 578 455 595 465 609 473 
477 418 508 417 531 418 545 422 555 427 568 399 581 441 561 454 544 454 566 406 578 451 556 460 538 459 561 418 577 460 555 468 536 466 556 433 588 455 604 466 618 475 
488 417 522 414 545 416 559 421 569 426 580 399 594 439 575 453 558 453 578 407 591 450 571 461 554 459 573 419 590 460 568 468 550 465 568 434 599 455 614 466 627 475 
499 417 534 413 558 415 573 420 583 426 592 398 607 436 590 451 576 452 590 406 605 448 586 461 571 461 585 419 603 458 583 468 565 466 581 433 611 454 625 466 635 474 
510 417 546 412 571 415 586 421 597 427 603 399 621 434 605 452 591 455 604 407 620 446 605 463 590 466 599 420 619 458 600 469 582 470 595 435 624 456 638 469 647 477 
523 421 564 415 590 420 608 428 623 435 619 405 638 435 632 453 626 460 620 413 638 446 630 465 621 473 616 427 638 457 626 469 614 474 612 442 640 460 653 473 661 483 
537 425 578 419 604 424 623 433 638 441 634 410 654 439 649 458 644 466 636 417 655 451 647 472 638 480 633 431 656 462 645 477 633 484 629 447 657 465 668 480 673 491 
552 429 590 422 618 427 637 436 652 446 647 411 671 437 670 455 668 464 650 420 671 451 665 473 658 482 648 435 672 464 663 482 653 492 645 453 672 472 677 487 677 498 
567 432 603 426 632 430 653 439 669 450 661 417 687 440 693 458 696 470 663 424 690 453 691 479 687 495 661 438 688 467 685 489 677 504 658 456 682 478 682 494 676 505 
582 435 617 431 648 436 669 446 684 457 675 422 704 445 711 465 712 478 677 429 706 459 709 484 707 501 673 443 701 473 700 496 693 513 669 461 694 484 696 500 690 511 
595 439 629 436 659 440 680 450 695 461 687 428 717 450 728 469 734 482 688 435 720 467 723 492 721 509 685 448 714 481 711 505 704 520 680 466 706 491 705 508 698 518 
606 442 638 437 667 441 686 451 701 463 696 430 728 455 739 473 743 486 697 438 729 472 735 496 736 512 693 452 723 485 727 509 724 524 686 470 712 496 717 511 716 522 
613 446 645 440 672 445 690 455 705 467 704 434 736 460 737 481 731 493 704 442 737 476 733 501 726 513 699 455 730 490 725 513 715 524 692 473 719 500 718 516 710 525 
620 447 651 446 678 450 697 459 711 470 712 438 740 469 734 490 723 499 712 445 740 481 733 504 723 512 708 457 736 494 728 515 716 522 700 474 727 502 727 520 720 527 
624 449 653 448 679 452 698 461 712 473 712 439 739 462 736 482 727 492 714 445 741 477 736 500 728 510 710 458 738 491 732 513 722 522 704 476 729 502 730 519 724 527 
628 449 658 445 683 450 701 459 714 470 715 438 740 457 739 474 731 484 717 446 741 471 739 492 733 502 714 459 738 486 736 506 729 516 708 476 731 499 734 515 732 525 
630 443 665 452 692 459 708 466 720 474 725 443 737 468 733 482 726 486 725 444 737 475 730 489 721 492 720 451 732 482 722 492 711 494 713 463 725 486 719 496 711 498 
-1 -1 -1 -1 -1 -1 -1 -1 -1 -1 -1 -1 -1 -1 -1 -1 -1 -1 -1 -1 -1 -1 -1 -1 -1 -1 -1 -1 -1 -1 -1 -1 -1 -1 -1 -1 -1 -1 -1 -1 -1 -1 
-1 -1 -1 -1 -1 -1 -1 -1 -1 -1 -1 -1 -1 -1 -1 -1 -1 -1 -1 -1 -1 -1 -1 -1 -1 -1 -1 -1 -1 -1 -1 -1 -1 -1 -1 -1 -1 -1 -1 -1 -1 -1 
-1 -1 -1 -1 -1 -1 -1 -1 -1 -1 -1 -1 -1 -1 -1 -1 -1 -1 -1 -1 -1 -1 -1 -1 -1 -1 -1 -1 -1 -1 -1 -1 -1 -1 -1 -1 -1 -1 -1 -1 -1 -1 
-1 -1 -1 -1 -1 -1 -1 -1 -1 -1 -1 -1 -1 -1 -1 -1 -1 -1 -1 -1 -1 -1 -1 -1 -1 -1 -1 -1 -1 -1 -1 -1 -1 -1 -1 -1 -1 -1 -1 -1 -1 -1 
144 134 138 120 130 111 125 104 121 97 119 116 108 109 101 104 95 98 121 119 109 111 101 104 94 99 125 121 115 113 109 106 105 102 131 122 125 116 121 112 117 110 
-1 -1 -1 -1 -1 -1 -1 -1 -1 -1 -1 -1 -1 -1 -1 -1 -1 -1 -1 -1 -1 -1 -1 -1 -1 -1 -1 -1 -1 -1 -1 -1 -1 -1 -1 -1 -1 -1 -1 -1 -1 -1 
-1 -1 -1 -1 -1 -1 -1 -1 -1 -1 -1 -1 -1 -1 -1 -1 -1 -1 -1 -1 -1 -1 -1 -1 -1 -1 -1 -1 -1 -1 -1 -1 -1 -1 -1 -1 -1 -1 -1 -1 -1 -1 
-1 -1 -1 -1 -1 -1 -1 -1 -1 -1 -1 -1 -1 -1 -1 -1 -1 -1 -1 -1 -1 -1 -1 -1 -1 -1 -1 -1 -1 -1 -1 -1 -1 -1 -1 -1 -1 -1 -1 -1 -1 -1 
-1 -1 -1 -1 -1 -1 -1 -1 -1 -1 -1 -1 -1 -1 -1 -1 -1 -1 -1 -1 -1 -1 -1 -1 -1 -1 -1 -1 -1 -1 -1 -1 -1 -1 -1 -1 -1 -1 -1 -1 -1 -1 
