-1 -1 -1 -1 -1 -1 -1 -1 -1 -1 -1 -1 -1 -1 -1 -1 -1 -1 -1 -1 -1 -1 -1 -1 -1 -1 -1 -1 -1 -1 -1 -1 -1 -1 -1 -1 -1 -1 -1 -1 -1 -1 
-1 -1 -1 -1 -1 -1 -1 -1 -1 -1 -1 -1 -1 -1 -1 -1 -1 -1 -1 -1 -1 -1 -1 -1 -1 -1 -1 -1 -1 -1 -1 -1 -1 -1 -1 -1 -1 -1 -1 -1 -1 -1 
-1 -1 -1 -1 -1 -1 -1 -1 -1 -1 -1 -1 -1 -1 -1 -1 -1 -1 -1 -1 -1 -1 -1 -1 -1 -1 -1 -1 -1 -1 -1 -1 -1 -1 -1 -1 -1 -1 -1 -1 -1 -1 
-1 -1 -1 -1 -1 -1 -1 -1 -1 -1 -1 -1 -1 -1 -1 -1 -1 -1 -1 -1 -1 -1 -1 -1 -1 -1 -1 -1 -1 -1 -1 -1 -1 -1 -1 -1 -1 -1 -1 -1 -1 -1 
-1 -1 -1 -1 -1 -1 -1 -1 -1 -1 -1 -1 -1 -1 -1 -1 -1 -1 -1 -1 -1 -1 -1 -1 -1 -1 -1 -1 -1 -1 -1 -1 -1 -1 -1 -1 -1 -1 -1 -1 -1 -1 
-1 -1 -1 -1 -1 -1 -1 -1 -1 -1 -1 -1 -1 -1 -1 -1 -1 -1 -1 -1 -1 -1 -1 -1 -1 -1 -1 -1 -1 -1 -1 -1 -1 -1 -1 -1 -1 -1 -1 -1 -1 -1 
-1 -1 -1 -1 -1 -1 -1 -1 -1 -1 -1 -1 -1 -1 -1 -1 -1 -1 -1 -1 -1 -1 -1 -1 -1 -1 -1 -1 -1 -1 -1 -1 -1 -1 -1 -1 -1 -1 -1 -1 -1 -1 
445 423 459 400 478 394 496 391 513 387 497 416 522 420 540 424 553 426 494 430 522 438 541 443 557 446 487 442 512 454 530 461 545 467 476 455 496 471 510 481 522 490 
442 424 454 406 475 402 495 401 510 395 496 420 523 425 542 428 557 430 494 432 525 443 549 451 567 458 486 444 516 458 536 466 552 473 474 457 496 472 509 482 521 491 
442 424 454 404 475 398 498 396 515 392 498 414 531 421 554 425 571 428 496 428 531 442 557 452 576 460 487 442 521 458 544 470 562 479 475 455 499 473 512 484 523 495 
440 422 453 403 476 399 497 398 513 393 499 414 534 420 558 424 576 429 497 426 535 440 562 450 582 458 488 440 523 457 547 469 565 479 475 453 497 472 510 484 521 495 
436 420 453 403 476 401 497 400 513 394 497 414 535 420 559 424 576 427 494 427 535 441 562 450 582 458 485 440 521 459 545 471 564 481 472 453 494 473 507 485 518 495 
431 418 450 401 474 399 496 399 511 393 495 413 533 420 557 424 574 427 492 426 533 441 559 451 579 459 483 439 518 459 542 472 561 482 469 452 491 473 504 485 515 495 
426 415 445 400 470 398 493 398 508 392 492 411 530 419 554 423 571 427 488 424 530 440 556 450 575 458 479 437 515 458 539 471 558 481 465 450 488 471 501 484 512 495 
420 411 440 396 465 395 488 396 503 390 488 407 527 412 549 418 567 421 485 419 528 432 553 442 572 449 476 432 513 452 535 465 553 475 463 445 487 465 500 477 510 487 
417 410 440 397 464 395 487 394 502 390 486 406 525 411 548 416 565 419 483 416 526 431 552 443 572 452 474 429 512 448 536 461 554 472 461 442 486 462 499 475 509 485 
417 408 440 396 464 394 486 394 500 391 486 405 526 410 548 414 565 418 483 416 527 431 553 442 572 450 474 428 512 447 536 460 555 471 461 440 486 462 499 474 510 485 
417 407 441 396 465 395 487 393 501 391 487 405 527 411 549 415 566 419 484 416 528 431 554 443 574 452 474 428 513 448 537 461 557 472 461 440 486 462 499 474 511 485 
419 406 442 395 466 395 488 394 502 392 489 405 529 411 551 416 568 420 485 415 530 431 557 444 577 453 475 427 514 447 539 461 558 473 461 439 487 461 501 474 514 484 
422 405 446 395 470 394 492 394 505 392 493 405 533 412 555 416 571 421 489 415 534 432 561 444 580 454 479 427 518 448 543 462 562 474 465 439 491 461 505 474 517 485 
422 405 445 394 470 394 492 393 506 391 494 405 534 412 556 417 573 421 490 415 535 433 561 445 581 454 480 427 519 449 545 463 564 475 466 439 492 462 506 475 519 486 
422 405 446 395 470 395 493 394 507 392 493 406 533 412 555 417 572 422 489 416 535 433 561 445 581 454 480 428 520 449 545 463 565 474 466 439 492 462 506 475 519 486 
420 405 445 395 469 396 492 395 506 392 493 406 533 414 555 418 571 423 489 417 534 434 561 446 581 455 479 428 519 450 545 465 565 477 466 440 492 463 506 476 518 487 
418 406 443 396 468 397 491 396 505 393 491 407 531 415 553 420 570 425 487 418 532 435 559 447 578 457 477 430 517 452 542 467 562 479 464 441 491 464 505 477 517 488 
417 407 444 397 468 398 490 397 504 394 490 409 530 417 552 422 568 427 487 420 531 437 558 449 577 459 477 432 516 454 541 469 560 481 463 444 489 466 504 479 516 489 
412 408 439 399 464 400 486 400 500 397 487 411 526 419 549 423 565 427 483 422 527 438 554 450 573 460 473 433 512 454 537 469 557 481 459 444 485 466 499 479 511 490 
412 408 440 399 464 400 486 401 499 400 487 411 526 420 548 424 564 429 483 422 526 439 553 451 573 460 472 433 511 455 536 470 555 483 459 444 485 467 499 480 511 490 
412 409 440 399 464 400 486 401 498 400 486 411 526 420 548 425 563 429 482 422 526 440 553 452 572 461 472 433 511 456 535 471 554 483 458 445 485 467 499 481 511 492 
413 409 440 400 464 401 486 401 499 400 487 412 526 421 548 426 563 430 482 422 526 441 553 453 572 462 472 434 511 456 536 472 555 484 459 445 485 468 499 481 511 493 
413 410 440 400 464 401 485 401 499 400 487 413 526 421 548 426 563 430 483 423 526 441 553 452 573 461 473 434 511 457 536 472 555 484 459 445 485 468 499 481 511 492 
414 410 440 400 464 401 486 401 500 400 488 412 527 421 549 426 564 430 484 423 527 441 554 453 573 462 474 434 513 456 537 471 557 483 460 445 487 469 500 482 512 493 
416 411 442 401 466 402 487 402 501 400 490 413 529 421 550 426 566 430 486 423 529 440 556 452 575 462 476 435 515 456 539 470 558 483 462 446 488 469 502 482 514 494 
416 411 442 401 466 402 488 402 502 400 489 413 529 422 550 426 566 431 485 423 529 441 556 453 575 462 475 435 514 457 539 472 558 484 461 446 488 469 502 482 514 493 
416 411 442 401 466 402 488 402 502 400 489 413 528 422 550 426 565 430 486 424 530 441 556 453 576 461 476 436 515 458 539 473 559 485 462 447 488 470 502 483 515 494 
415 412 441 401 465 402 487 403 501 400 489 413 528 422 549 427 565 431 486 424 529 442 556 453 575 462 475 436 514 458 539 473 558 486 462 447 488 470 502 484 514 495 
414 411 440 402 465 402 486 403 500 401 488 413 527 422 549 426 564 430 484 424 528 441 555 453 574 461 474 435 513 458 538 473 558 486 461 447 487 470 502 483 514 494 
414 412 440 402 464 402 486 403 500 400 488 414 527 422 548 426 563 430 484 424 528 441 555 453 574 461 475 436 514 458 538 473 557 486 462 447 488 470 502 483 513 494 
413 411 440 401 464 402 486 403 499 401 487 413 526 421 547 425 563 429 483 423 527 440 553 452 573 460 473 435 512 457 537 472 555 484 460 447 487 469 501 482 513 493 
413 410 440 400 464 401 486 402 499 400 486 412 525 420 547 425 563 429 482 422 527 439 554 450 573 459 473 435 513 456 537 471 556 483 460 446 487 468 501 482 512 493 
413 409 440 400 463 401 485 401 499 399 486 412 525 420 547 424 562 428 483 422 526 439 553 450 572 459 473 434 513 455 537 470 556 483 460 445 487 468 501 481 513 492 
414 408 440 399 464 400 486 400 499 398 487 411 526 419 547 424 563 428 483 421 527 438 553 449 572 457 473 433 513 455 537 470 556 482 460 445 487 467 502 480 513 491 
416 408 442 398 466 399 487 400 501 398 489 410 527 418 549 423 564 427 485 420 528 437 555 449 574 457 475 432 514 454 539 469 557 481 462 444 489 466 502 479 514 490 
417 408 443 398 466 399 488 399 500 397 489 409 528 417 549 422 565 426 486 420 529 435 556 446 575 454 476 432 515 453 540 467 558 479 463 444 490 467 504 480 516 491 
418 407 444 397 467 398 489 398 501 395 490 409 529 416 550 421 566 425 486 419 530 434 557 446 576 454 477 431 516 451 541 465 559 477 464 443 490 465 504 478 515 490 
420 404 445 393 469 394 490 395 503 393 491 406 531 413 554 418 570 422 487 416 532 434 559 446 578 455 477 428 517 449 542 464 561 476 463 440 491 462 505 475 517 486 
421 403 447 394 470 394 491 394 504 391 493 405 532 412 554 416 570 420 489 416 533 432 561 445 581 455 479 428 518 448 543 463 562 475 465 440 492 462 506 474 517 485 
422 402 449 392 472 392 493 391 505 389 495 404 534 411 555 415 571 418 491 415 535 431 561 442 581 451 481 428 520 447 544 460 563 471 467 440 493 461 507 474 518 485 
422 401 448 390 472 390 493 390 506 388 494 402 534 409 556 413 572 416 490 413 535 429 562 441 581 450 480 426 519 445 543 459 562 471 466 438 492 459 506 472 518 483 
423 399 449 387 473 387 495 388 508 386 496 400 536 407 558 411 574 415 492 412 537 428 564 441 583 451 481 425 520 445 545 460 564 473 467 438 492 459 506 472 517 483 
423 397 449 384 474 384 497 384 511 381 496 398 538 405 561 409 578 414 492 410 537 428 565 441 585 452 481 424 520 445 546 460 566 473 465 436 491 459 505 472 517 484 
423 396 448 383 474 383 498 383 512 380 496 397 538 404 562 408 579 413 492 409 538 427 566 440 586 451 481 423 521 444 547 459 567 472 466 435 491 458 505 471 517 483 
423 395 450 382 476 382 499 382 513 379 498 396 539 403 563 407 580 412 494 409 539 426 567 439 587 450 483 423 522 444 548 459 567 472 467 436 492 458 506 471 517 483 
423 395 451 381 477 381 500 381 514 378 499 395 540 402 564 407 581 411 495 409 540 425 567 438 587 449 483 423 522 443 548 458 567 471 468 435 493 458 506 471 517 483 
422 393 449 380 475 380 500 380 515 378 498 394 540 401 564 406 581 410 494 407 540 424 568 437 588 448 483 421 523 442 549 457 568 470 467 434 493 457 507 471 517 483 
423 393 452 380 478 379 501 380 516 378 500 393 541 401 565 405 582 409 496 407 541 424 569 437 589 448 485 421 524 442 550 457 569 470 470 434 494 457 507 471 517 483 
423 393 452 379 478 379 502 379 516 377 500 393 542 400 566 405 583 408 496 407 541 424 569 437 589 447 484 421 524 442 550 457 570 470 469 434 494 457 507 470 518 483 
423 390 451 378 478 378 502 378 517 375 501 392 543 399 567 404 584 408 496 405 542 423 570 436 590 446 484 419 525 441 551 456 571 469 469 431 494 455 508 469 519 482 
423 390 452 377 478 377 502 377 517 375 501 392 543 398 567 403 584 406 497 406 542 423 570 435 590 446 486 420 525 441 551 456 571 469 470 433 495 455 508 469 519 482 
423 389 452 377 478 377 502 377 517 375 501 391 543 398 567 403 584 407 497 405 542 422 570 435 590 445 485 419 525 441 551 456 571 469 470 432 495 455 508 469 519 481 
423 390 453 377 479 377 502 377 517 375 502 392 543 398 567 403 584 406 497 406 543 423 570 436 590 446 486 420 526 442 551 457 571 469 471 432 496 456 508 470 519 482 
422 390 452 377 478 377 502 377 517 375 501 392 543 398 567 403 584 407 497 405 543 422 571 434 591 444 486 419 526 441 552 456 571 468 470 432 496 455 508 469 518 481 
422 389 450 376 477 377 502 377 516 375 500 391 542 399 566 403 583 407 496 404 542 422 570 434 591 443 485 418 526 440 552 455 572 468 470 431 496 455 509 469 519 481 
421 389 450 377 477 377 502 377 517 374 500 391 542 398 566 404 583 408 496 404 542 422 570 434 591 444 485 418 525 440 552 455 572 468 469 431 494 455 508 469 518 481 
421 389 449 377 476 377 501 377 516 374 499 390 542 398 566 403 583 407 495 403 542 421 570 434 590 445 484 417 525 439 552 454 572 467 468 430 494 454 508 468 518 481 
421 389 450 377 477 377 502 377 516 373 499 391 541 398 565 403 583 408 494 404 542 422 570 435 591 445 484 418 525 440 552 454 573 467 469 431 494 455 507 468 517 481 
420 388 449 376 476 376 501 376 516 373 498 390 541 398 565 403 582 408 495 404 542 421 570 433 591 443 484 418 525 439 552 454 572 467 469 431 494 455 507 469 517 481 
419 388 449 376 476 376 501 376 516 372 498 391 541 398 565 403 582 407 494 404 542 422 570 434 590 444 484 418 525 440 551 455 571 467 469 431 494 455 507 469 517 481 
420 388 449 377 476 376 501 376 516 373 499 391 541 399 565 404 582 408 495 404 542 422 570 434 591 443 484 418 525 440 551 455 572 468 469 430 493 455 506 469 517 482 
419 388 449 377 476 377 501 377 515 373 498 391 540 398 564 404 582 408 494 405 541 422 569 434 590 444 485 419 524 441 551 455 571 468 470 432 494 456 506 470 515 482 
419 389 449 377 476 376 501 376 516 373 497 392 540 399 565 404 582 409 494 406 541 423 569 436 589 446 484 421 525 442 551 457 570 469 470 434 493 458 505 472 514 485 
419 388 448 377 476 377 501 377 516 373 498 392 541 400 565 405 582 409 494 406 541 423 569 436 589 445 483 420 523 442 550 457 570 470 468 432 492 457 504 471 514 484 
418 389 448 377 475 377 501 377 516 373 497 392 540 400 564 405 582 410 493 406 541 424 569 436 590 446 482 420 523 443 550 458 570 471 467 433 492 458 505 473 514 486 
420 389 449 376 476 376 501 377 516 373 498 393 541 400 565 405 582 409 495 407 542 425 570 436 590 446 484 422 524 444 550 459 569 472 469 434 492 459 505 473 514 486 
419 388 449 376 476 377 502 377 516 372 497 392 540 400 564 405 582 410 494 407 541 425 569 437 590 446 484 422 524 444 550 460 570 472 469 435 492 459 504 474 513 486 
418 388 448 376 476 376 502 376 517 371 497 393 541 400 565 405 582 409 494 407 541 425 570 437 590 447 483 422 523 445 550 460 569 473 468 435 492 460 504 475 514 488 
419 387 448 374 477 374 503 374 518 368 498 392 542 400 566 405 583 410 495 408 541 427 569 439 589 449 484 423 523 446 548 462 567 474 468 436 491 461 504 476 514 489 
419 386 449 372 477 372 503 372 518 366 499 392 542 400 566 406 584 409 496 409 542 428 569 440 589 450 484 424 522 447 548 463 567 475 469 436 491 462 503 477 513 489 
419 386 449 371 478 370 504 370 519 363 500 391 543 399 568 405 586 408 496 409 542 429 569 442 589 452 485 425 522 449 547 465 566 477 469 437 491 463 503 478 513 490 
419 384 449 368 478 367 505 368 520 360 500 391 543 398 568 403 586 406 496 409 542 428 569 441 588 450 485 425 522 449 546 464 565 476 469 438 491 463 503 477 513 489 
421 385 450 367 479 364 506 364 521 356 503 389 546 395 570 400 587 404 498 409 544 427 571 440 590 450 487 425 524 448 548 464 566 476 471 438 492 463 504 477 514 489 
420 382 450 363 480 359 507 359 523 351 503 388 546 393 570 398 588 401 498 408 543 426 570 439 589 449 487 424 523 447 547 462 566 475 471 437 492 461 505 476 516 489 
420 381 450 360 480 356 508 355 525 347 503 385 547 390 571 395 589 398 498 406 544 425 570 438 589 448 486 424 523 446 547 462 565 475 470 437 493 461 506 477 517 490 
419 380 450 358 480 352 509 351 527 343 503 383 547 388 572 392 591 395 498 404 544 423 570 436 590 447 486 422 523 445 547 461 565 474 470 435 493 460 507 476 518 489 
419 378 449 356 480 350 509 348 527 339 503 381 547 385 572 389 591 392 498 403 544 421 571 434 590 444 487 421 524 444 548 460 566 473 471 434 493 459 507 474 518 487 
419 377 450 354 480 347 510 344 527 336 504 379 548 383 573 386 592 389 499 401 545 420 572 433 591 443 487 419 525 443 549 459 567 471 472 432 495 457 509 473 520 486 
418 376 449 353 480 346 510 343 528 334 503 378 548 381 573 385 592 388 499 400 545 419 572 432 591 442 487 419 524 443 547 460 564 473 471 432 494 457 508 472 519 485 
417 376 449 353 480 345 510 341 528 332 503 378 548 381 573 384 592 387 499 401 545 419 571 432 590 443 487 419 525 443 547 459 565 472 472 432 495 457 508 472 519 485 
417 376 449 352 480 344 511 340 529 330 504 378 548 381 573 385 593 387 499 402 546 420 572 433 591 444 488 419 526 443 548 459 565 472 472 432 495 457 509 472 519 484 
416 376 448 352 481 344 511 340 529 330 504 377 548 380 573 385 593 388 499 401 545 420 571 434 590 444 487 419 525 443 548 459 565 472 472 432 495 457 508 472 519 485 
416 376 448 352 480 343 511 339 529 329 503 378 548 381 573 385 593 388 498 401 544 420 570 434 590 444 487 419 525 443 548 459 565 471 471 432 494 457 508 472 519 485 
416 376 448 352 480 343 511 338 529 328 503 379 548 381 573 385 593 388 498 402 545 421 570 434 590 445 487 419 525 443 548 459 566 471 471 432 494 457 508 472 519 485 
415 376 447 352 480 342 511 337 530 326 504 379 548 380 573 384 594 386 499 402 545 421 570 434 589 445 488 420 526 444 548 459 566 472 472 433 495 458 509 472 520 484 
414 375 447 351 480 341 512 336 531 325 503 378 548 380 574 383 594 386 497 401 544 421 570 434 590 445 486 419 524 444 547 459 565 471 470 432 494 457 508 472 520 485 
414 376 446 352 480 341 511 335 531 324 503 377 549 379 574 383 595 386 498 401 544 421 570 434 590 445 487 419 525 443 548 459 566 470 471 433 495 458 509 472 520 484 
414 376 446 351 480 340 512 334 531 323 503 379 548 379 574 383 595 386 498 402 544 421 570 434 590 445 487 420 525 444 548 458 566 470 471 433 495 458 509 472 521 484 
414 375 446 351 480 340 512 333 531 322 504 378 548 379 574 383 595 385 498 402 544 421 570 435 589 445 487 420 525 444 548 458 566 469 472 433 495 458 508 472 520 483 
414 375 445 351 479 339 511 332 531 321 504 378 549 379 574 382 595 384 499 402 545 421 570 434 590 444 487 420 526 444 549 458 567 469 472 433 495 458 509 472 520 483 
413 376 445 351 480 340 512 332 531 321 505 379 549 379 575 383 595 385 499 403 545 422 570 434 590 444 488 421 526 444 548 459 565 469 473 434 495 458 508 472 520 483 
413 376 445 351 480 340 512 333 532 321 504 379 549 379 575 383 595 385 499 403 545 421 570 434 590 444 488 421 526 444 548 459 566 470 473 434 496 458 509 472 521 484 
412 376 444 351 479 340 512 334 531 323 503 379 548 379 574 383 595 386 498 403 544 421 570 434 590 445 487 421 526 444 548 458 567 469 472 434 495 459 508 473 520 485 
412 376 444 353 478 343 509 336 528 326 502 379 548 380 573 384 593 386 498 402 545 421 570 434 590 445 487 420 526 444 548 459 566 471 472 432 495 457 509 472 520 484 
411 377 442 354 476 345 507 341 525 331 503 380 547 380 571 384 591 387 499 402 545 420 570 432 590 443 488 419 526 442 548 458 566 471 473 432 496 456 509 471 521 484 
412 377 444 356 477 348 506 345 522 335 502 380 547 382 571 385 589 389 499 402 545 419 570 432 589 442 489 420 527 442 549 457 566 469 474 433 497 457 510 472 521 484 
412 377 445 357 476 351 505 348 520 338 501 381 545 383 569 387 587 390 498 402 544 418 570 431 589 440 489 420 527 441 550 456 567 468 475 433 498 456 511 470 521 483 
413 378 446 361 475 357 501 356 516 348 500 383 543 387 566 391 583 394 498 402 544 418 570 429 590 438 489 418 527 439 551 454 570 465 475 430 499 453 513 467 524 478 
415 378 447 362 475 360 501 360 515 352 501 384 542 389 565 393 582 396 497 402 543 418 568 430 588 440 488 417 525 439 549 453 568 465 473 429 497 452 511 465 523 476 
418 379 449 364 475 362 500 362 514 356 501 385 542 390 564 395 582 398 498 402 543 419 569 431 588 440 488 417 525 439 549 454 568 465 473 430 498 452 512 464 525 475 
418 378 448 363 473 363 497 364 512 359 499 385 540 391 563 395 581 399 496 401 542 419 568 431 588 440 487 416 525 438 549 453 568 466 472 429 498 452 512 465 524 476 
418 380 448 370 472 370 496 370 509 365 496 386 538 393 561 398 579 402 494 400 540 417 568 430 588 440 486 414 526 434 551 449 569 461 473 426 500 449 514 461 525 472 
418 380 448 372 473 374 496 374 508 372 498 388 538 396 560 400 576 405 494 398 540 416 568 429 588 439 484 410 526 431 551 446 571 458 470 423 499 445 513 458 525 470 
421 382 451 376 474 378 494 379 506 380 499 390 538 398 560 402 575 406 495 400 541 417 569 429 588 439 486 411 528 431 554 444 573 456 472 423 501 444 515 456 527 467 
422 383 452 380 475 382 494 384 505 387 499 392 538 401 560 406 574 411 495 399 541 417 569 430 589 440 485 409 528 429 554 443 574 455 471 421 502 441 517 453 530 463 
423 382 452 382 475 386 494 390 505 392 500 393 537 404 561 410 576 416 495 398 541 417 570 431 590 441 484 406 528 427 555 442 576 453 471 418 502 437 519 451 534 460 
425 382 455 386 478 392 496 399 505 405 502 394 539 405 562 412 577 419 496 398 543 416 572 430 592 441 486 405 529 425 557 441 577 452 471 416 502 435 519 448 533 458 
426 382 456 397 479 404 496 412 506 420 504 397 540 406 564 415 580 423 499 399 543 413 571 428 592 440 489 404 531 419 557 435 576 447 475 413 505 428 521 440 534 450 
428 383 455 401 480 407 497 413 509 420 506 398 540 408 565 416 582 424 501 398 544 412 571 426 592 436 492 401 533 416 559 430 578 441 479 408 508 423 525 436 537 447 
432 383 460 402 485 407 502 412 514 419 511 398 546 407 570 416 587 426 506 397 548 409 574 423 594 434 497 400 536 413 561 427 580 439 484 408 511 421 528 432 540 442 
435 384 461 402 487 407 504 411 517 417 513 397 547 405 571 414 588 423 509 396 549 407 576 420 597 432 499 399 537 410 562 424 580 435 485 405 512 416 528 427 541 437 
436 385 461 403 487 407 504 410 517 414 515 399 546 405 570 412 588 421 511 397 551 406 577 417 599 427 503 399 540 407 565 419 585 429 490 404 516 413 532 423 545 432 
437 386 462 407 487 412 503 414 517 417 517 405 547 407 571 414 588 422 513 401 552 405 579 415 600 424 504 400 541 404 566 414 586 424 492 401 517 407 533 417 548 426 
433 386 455 409 476 415 489 418 502 420 512 408 544 410 568 415 586 419 509 404 549 407 577 414 600 419 502 400 539 404 565 410 586 415 493 398 521 401 540 407 556 412 
433 386 455 413 476 418 489 421 501 424 511 406 543 411 567 416 585 420 508 402 548 406 576 413 599 418 502 399 539 403 565 409 586 414 492 398 522 400 541 405 557 409 
432 386 453 412 474 417 487 420 498 422 509 407 542 411 565 416 583 420 507 402 546 405 575 411 599 416 500 397 537 400 563 406 585 412 491 395 520 397 539 401 555 405 
432 384 452 411 472 417 485 422 497 427 508 408 540 412 561 419 577 424 506 402 545 404 573 409 597 414 500 397 535 397 561 402 582 407 490 394 517 392 535 395 550 398 
433 385 450 412 470 419 482 424 494 430 509 408 540 413 561 419 575 425 508 401 547 401 575 406 599 412 502 395 536 395 561 399 582 405 492 392 519 389 536 391 550 394 
433 385 449 411 469 419 482 425 493 432 508 407 539 412 559 420 574 426 507 400 546 401 574 405 598 411 502 394 536 393 561 398 581 403 492 389 518 385 535 386 550 389 
433 383 450 410 470 418 482 424 493 432 508 405 539 410 559 418 573 425 508 398 547 398 575 403 599 408 502 392 537 391 561 396 581 402 493 388 519 384 536 386 551 388 
433 382 449 409 469 417 482 423 493 430 508 404 539 409 559 417 573 423 508 397 547 397 575 402 598 408 503 391 537 390 562 395 582 401 494 387 521 382 538 384 552 386 
433 382 449 409 469 417 481 422 493 429 508 403 538 409 558 416 571 423 508 396 547 396 575 402 598 408 503 391 538 390 562 396 582 403 494 388 521 384 539 386 553 389 
433 381 450 409 470 416 482 422 493 430 508 403 538 409 558 417 571 424 508 397 547 397 575 403 598 409 502 391 537 391 562 397 581 403 493 388 520 384 538 386 553 388 
433 381 449 409 469 417 481 423 493 430 508 403 537 409 557 417 570 424 507 397 547 397 574 402 597 408 502 391 537 391 561 396 580 402 493 388 520 384 537 385 552 388 
433 381 450 409 469 417 482 423 493 430 508 404 538 409 557 417 570 424 508 397 546 398 573 403 596 409 503 392 537 391 561 396 580 402 494 390 520 386 537 387 552 390 
433 382 451 409 470 417 482 422 494 429 508 404 538 409 557 416 571 422 507 398 546 399 572 404 595 409 502 394 536 393 560 398 580 404 493 392 519 389 537 391 552 394 
433 382 454 409 473 414 485 417 495 421 508 404 540 408 563 412 580 415 506 399 545 401 574 407 597 411 500 394 536 396 562 402 583 408 491 391 520 393 539 397 556 401 
433 382 454 408 474 414 486 417 496 421 509 403 540 407 563 412 579 415 506 398 545 401 574 407 598 412 500 394 536 397 563 403 584 408 492 391 521 394 541 398 557 402 
434 382 455 407 474 412 486 415 497 418 508 404 539 407 562 412 578 416 506 398 545 402 574 408 598 413 500 394 536 397 563 403 584 408 492 391 521 393 540 397 557 401 
435 382 456 407 476 412 488 415 500 417 510 401 541 405 565 410 582 414 507 396 546 401 574 408 598 413 501 393 537 398 564 404 585 410 492 392 521 395 541 400 558 404 
435 382 462 401 483 405 496 407 510 409 512 399 542 401 566 406 583 411 508 396 546 399 575 407 598 413 501 394 537 398 564 405 585 411 492 394 520 397 541 403 558 408 
435 381 462 400 484 405 497 406 511 408 513 398 542 400 565 406 581 411 508 395 547 398 574 407 596 414 502 394 538 397 564 405 583 412 493 393 520 397 541 403 557 409 
437 380 464 399 486 403 500 405 515 407 514 395 543 399 567 406 583 413 509 393 548 397 575 407 596 415 502 392 538 397 564 405 583 413 492 393 519 397 538 403 554 410 
439 380 464 401 487 405 502 406 517 409 516 394 545 398 568 405 585 413 512 391 550 396 577 406 598 416 504 391 540 396 565 406 584 415 494 394 520 399 538 407 553 415 
441 381 467 400 490 404 506 407 519 410 519 393 549 397 572 405 589 414 514 390 552 396 578 407 599 417 506 390 542 396 566 407 585 419 494 393 519 401 536 410 550 421 
443 379 467 398 490 403 506 405 519 409 519 391 549 396 572 403 589 412 515 389 553 396 579 408 599 418 507 390 543 397 567 410 585 422 494 395 520 403 536 413 549 424 
443 379 468 394 492 399 508 403 520 407 519 390 550 395 573 403 590 412 514 389 552 399 577 410 597 420 505 391 541 401 565 414 583 425 491 396 517 405 533 414 547 423 
445 378 469 393 493 398 508 403 519 408 518 389 551 397 574 405 590 415 514 389 553 400 578 413 597 424 504 392 540 404 564 418 582 429 489 398 515 409 531 419 544 428 
446 377 472 391 495 397 510 404 522 411 518 388 552 398 575 407 590 416 512 389 551 402 577 415 596 425 501 393 537 406 562 420 580 431 486 400 511 411 528 422 542 431 
447 378 473 391 496 397 512 404 523 412 518 389 552 398 574 407 589 416 512 390 550 403 576 416 595 426 501 394 536 408 560 422 579 434 486 401 511 413 528 424 541 433 
447 378 473 390 494 397 508 403 520 411 516 390 548 399 570 406 584 413 509 391 549 405 575 417 594 427 498 396 534 410 559 424 578 435 484 403 511 416 527 427 541 437 
448 380 475 390 497 397 512 404 524 412 516 390 548 399 569 405 582 412 510 392 549 405 575 417 594 427 499 397 535 411 560 424 578 435 485 405 510 418 526 429 538 439 
449 382 477 392 498 398 513 404 525 412 516 391 548 399 569 406 582 413 510 393 549 406 575 417 595 427 500 398 535 412 560 425 579 436 486 407 510 420 526 431 538 440 
449 382 474 391 495 397 509 403 520 411 515 391 547 399 568 405 581 412 509 393 548 406 575 418 595 429 498 398 534 412 559 426 578 437 484 407 510 421 526 432 538 441 
450 382 475 389 495 395 509 401 519 409 516 391 546 399 567 405 581 411 509 394 548 407 575 419 595 429 499 399 534 414 559 427 579 439 485 408 510 422 526 433 538 443 
448 381 472 388 492 394 506 400 516 407 514 390 545 399 566 405 580 411 508 393 547 407 574 419 595 429 497 399 533 414 558 428 577 440 483 408 510 422 525 434 538 444 
445 380 472 387 491 392 505 395 516 400 515 391 544 398 566 404 579 409 508 395 546 407 573 419 594 430 496 401 530 415 556 430 575 442 483 410 508 425 524 437 536 448 
443 380 470 387 490 390 503 393 514 398 514 390 543 397 565 402 578 407 508 395 546 407 573 420 593 430 497 401 532 416 557 430 575 442 485 411 510 427 526 441 538 452 
442 380 471 388 491 392 506 395 518 401 515 390 544 397 565 402 578 406 508 395 546 408 574 421 594 430 497 402 532 417 556 432 574 444 485 412 509 429 525 442 538 453 
440 379 464 380 484 383 499 383 509 385 510 388 543 395 564 400 577 404 505 393 546 408 573 420 594 429 495 401 532 418 557 433 576 445 482 411 509 429 525 442 538 453 
437 379 466 381 486 384 500 386 510 390 511 389 542 395 564 399 577 403 504 395 545 409 572 421 593 431 493 403 531 420 556 435 574 446 481 413 507 431 523 444 536 454 
436 378 462 380 482 382 498 382 508 383 509 388 542 395 563 400 577 404 503 393 545 408 572 420 593 430 493 401 531 419 555 434 574 446 480 412 508 430 524 444 537 455 
433 377 459 376 480 378 495 377 505 378 507 388 541 394 563 397 577 400 502 395 543 411 571 423 592 433 491 404 529 422 554 437 573 450 478 414 506 434 522 447 535 459 
432 378 458 373 480 375 496 375 504 374 506 386 542 393 563 397 578 401 501 394 544 411 571 422 592 432 491 404 530 424 556 438 575 451 478 414 507 434 522 447 535 459 
431 378 459 373 480 374 495 374 503 373 507 386 541 393 562 397 576 401 502 395 544 411 571 423 592 434 492 405 530 424 555 439 573 452 479 416 506 436 522 449 534 461 
430 377 456 372 478 374 494 374 502 374 504 386 540 394 562 398 576 402 500 395 543 412 571 425 592 436 490 405 530 426 555 441 574 454 477 415 506 436 521 450 533 462 
429 377 455 372 477 374 495 374 502 373 503 386 541 394 562 398 577 403 499 395 543 413 570 426 591 436 488 404 529 426 555 441 574 455 475 415 505 437 521 450 533 462 
429 378 457 372 478 375 495 375 503 374 504 387 540 395 562 399 576 403 500 396 543 413 571 426 591 436 490 406 530 427 555 442 574 455 477 417 506 439 521 452 533 465 
427 377 454 372 477 374 495 374 502 374 502 388 540 396 562 400 576 404 498 397 542 415 570 428 591 438 487 407 529 429 554 444 574 458 474 417 504 440 519 454 531 467 
427 379 455 372 477 374 495 374 504 372 503 388 540 397 561 401 576 405 499 398 542 415 570 428 590 438 489 409 529 430 554 445 573 458 476 420 505 442 519 455 531 468 
427 379 454 372 477 374 496 374 504 373 502 388 540 397 562 401 577 406 498 398 543 416 570 429 591 439 487 409 528 430 554 446 574 460 473 419 503 442 518 455 530 468 
427 379 454 372 476 374 494 374 503 372 502 389 540 397 562 401 576 405 499 399 542 416 570 429 590 439 489 410 529 431 554 446 573 460 475 421 504 443 518 456 529 469 
427 380 454 372 476 374 494 373 503 371 502 389 540 397 561 402 576 406 499 399 543 417 570 429 590 440 489 410 529 432 554 447 573 461 475 421 503 444 517 458 528 471 
426 379 452 371 474 373 494 373 503 370 500 388 539 397 561 402 576 406 497 399 542 417 570 429 590 440 488 411 528 433 553 449 573 462 474 422 502 446 516 460 527 472 
425 379 451 371 474 373 494 373 503 371 500 387 539 396 561 401 577 406 497 398 541 417 569 429 589 440 488 410 528 433 553 448 573 462 474 422 502 446 515 460 526 473 
426 380 452 372 474 374 494 374 504 372 500 388 539 397 561 402 576 407 497 399 542 417 570 430 589 440 488 410 528 433 554 449 573 463 474 422 502 446 516 460 527 472 
425 381 452 372 475 374 495 374 504 371 500 387 539 396 561 401 577 406 497 399 541 417 569 430 589 441 487 411 528 433 554 449 573 463 474 423 502 447 516 460 527 473 
426 382 453 373 476 374 496 374 506 373 501 387 540 395 562 400 577 405 498 398 543 415 570 428 590 440 489 410 529 431 555 447 574 461 475 423 504 445 517 459 528 472 
427 383 455 374 478 375 498 375 507 373 503 386 541 394 563 399 578 404 499 397 544 415 572 428 591 441 490 410 531 431 556 446 574 460 477 423 505 445 519 459 530 471 
428 384 459 375 482 376 501 377 512 377 506 386 544 394 565 399 579 404 501 396 546 414 573 428 591 440 491 409 533 429 557 444 575 458 478 422 506 443 521 457 533 470 
429 384 461 376 484 377 503 378 514 378 508 386 544 393 566 398 579 404 502 396 547 413 573 427 592 440 492 410 533 428 558 444 575 457 479 424 507 444 522 457 535 469 
429 383 461 376 485 378 503 379 514 381 507 386 544 394 566 400 580 406 502 396 546 412 573 427 591 439 492 409 533 427 557 443 575 456 479 423 508 442 524 455 536 467 
429 383 460 376 484 378 502 380 514 381 507 386 544 395 566 401 581 407 501 396 545 412 572 426 591 439 490 408 532 427 556 442 575 455 477 422 508 440 524 452 538 462 
429 384 461 376 484 378 502 380 513 380 508 386 544 395 566 401 581 408 502 396 546 412 573 426 592 438 491 408 532 426 557 440 576 453 478 422 509 438 526 449 541 459 
430 383 462 376 485 378 502 381 512 382 509 386 544 396 566 402 581 409 502 396 545 412 572 426 592 438 492 409 532 426 557 440 575 452 478 423 508 438 526 449 542 458 
431 384 461 376 484 378 502 380 512 381 508 386 544 396 567 403 581 410 502 396 545 412 572 426 592 437 491 408 532 426 557 440 576 451 477 422 508 438 526 449 542 459 
431 384 461 376 484 377 501 379 511 380 508 385 545 397 567 404 582 412 502 395 545 413 573 427 592 439 491 408 532 426 558 440 576 452 478 422 509 438 526 448 542 458 
431 383 459 376 482 378 500 380 510 380 506 386 544 398 566 405 581 412 501 396 545 414 572 428 591 440 490 408 532 427 558 441 577 453 477 422 509 439 526 450 541 460 
430 384 459 376 482 379 500 380 510 380 507 387 543 397 565 404 580 411 501 397 545 413 572 427 592 438 490 409 531 427 557 441 576 452 477 422 508 439 525 450 541 460 
431 383 460 376 483 379 501 381 510 383 507 387 543 399 565 406 580 413 501 397 545 414 572 428 592 439 490 409 531 427 557 441 576 453 476 423 507 440 524 451 540 461 
431 384 461 376 484 379 502 382 512 383 507 388 543 400 565 407 580 413 501 398 544 416 571 429 591 440 490 411 531 429 556 442 575 453 476 424 506 441 524 451 540 461 
431 384 460 375 483 378 503 381 513 382 506 388 543 400 566 407 581 413 500 399 544 416 571 429 591 439 489 411 531 430 557 443 576 454 475 424 506 441 524 452 540 461 
431 384 460 376 484 379 502 382 513 384 507 389 543 401 565 407 580 414 500 399 543 417 571 430 591 440 489 411 530 430 556 443 576 454 475 424 505 441 523 451 539 460 
431 385 460 376 483 379 502 382 513 383 506 389 543 401 565 407 580 414 501 400 543 417 571 430 591 439 490 412 530 431 556 443 576 454 475 425 506 442 524 452 539 461 
431 386 462 377 485 380 503 383 513 385 508 391 543 402 565 408 580 413 502 402 543 419 571 430 591 440 490 414 530 432 556 444 575 455 476 427 505 443 523 453 538 462 
430 386 462 378 484 381 502 384 513 386 507 392 542 403 564 409 579 414 501 403 542 419 570 431 590 439 489 415 528 432 554 445 574 455 475 428 504 444 522 455 537 465 
430 386 461 379 484 383 502 387 513 389 506 396 541 407 563 411 578 416 500 406 541 423 569 434 589 443 488 417 527 435 553 447 572 457 474 429 503 446 520 457 535 467 
430 387 461 380 484 384 502 388 513 390 506 397 541 408 564 412 578 416 500 407 540 424 568 435 589 444 488 418 526 436 551 448 570 458 473 430 501 447 518 458 533 468 
430 389 461 381 483 385 502 389 513 391 505 398 541 409 563 413 578 417 499 409 540 425 568 436 589 445 488 420 526 438 551 449 570 459 473 432 502 449 519 458 534 468 
429 389 459 381 482 386 501 390 513 392 504 399 540 410 563 414 578 418 498 409 539 426 567 438 588 447 486 420 525 439 550 451 569 461 471 431 501 448 518 458 533 468 
429 390 460 383 483 387 501 391 513 393 505 400 540 411 562 415 576 418 499 411 539 428 567 439 587 447 488 423 526 441 550 452 569 462 474 434 502 451 519 461 533 469 
429 392 460 384 483 388 502 392 513 395 504 402 540 412 562 417 577 420 499 413 539 430 566 441 586 450 488 425 526 443 550 454 569 464 474 436 502 453 519 462 533 470 
430 391 459 384 483 389 502 394 514 397 504 403 540 414 563 418 577 422 499 414 540 431 568 441 588 450 488 425 527 443 552 454 570 464 473 436 502 452 520 460 534 468 
428 392 459 383 482 388 502 394 514 397 503 403 539 415 562 419 576 422 498 414 540 432 567 442 588 450 487 424 527 443 551 454 570 463 473 435 503 451 522 459 536 467 
429 392 459 384 483 389 503 395 514 398 503 405 540 415 562 420 576 424 499 416 540 433 568 443 588 452 489 426 528 444 553 453 571 462 475 437 505 451 523 458 537 464 
429 392 459 383 483 387 504 394 515 398 502 403 540 416 563 421 578 426 497 414 540 433 568 444 588 453 487 425 527 443 553 453 572 462 472 436 504 451 523 457 538 464 
430 392 460 383 484 388 504 395 515 398 503 401 539 416 562 423 578 428 497 412 539 432 567 444 587 454 486 424 527 442 552 453 571 461 472 436 504 449 523 456 539 463 
429 391 458 382 482 388 502 395 514 398 501 402 538 416 561 423 577 427 495 413 538 432 566 444 586 453 484 424 526 442 552 453 571 462 470 435 503 449 523 456 538 462 
431 392 460 383 484 388 504 396 515 399 503 402 540 416 563 423 579 428 497 413 539 432 567 443 587 453 487 425 527 442 553 452 572 460 472 436 503 449 523 455 538 461 
431 391 459 383 483 388 503 396 514 399 502 401 538 416 562 423 578 429 496 411 538 430 566 443 586 452 485 422 527 440 552 451 571 460 471 434 504 448 523 455 539 461 
432 391 459 383 483 388 503 397 514 400 502 400 538 416 561 423 578 429 496 411 538 430 565 442 586 452 486 422 527 440 552 451 571 460 471 434 504 447 523 454 538 460 
432 393 460 383 484 388 503 396 514 399 503 401 538 417 561 424 577 429 497 412 538 431 565 443 585 453 486 423 527 441 552 452 571 461 472 434 504 447 523 454 538 459 
433 392 460 383 484 389 503 398 514 401 503 402 538 418 561 425 577 431 497 412 538 431 565 442 585 451 487 423 527 441 552 451 570 460 473 435 505 447 523 454 538 459 
433 393 461 384 484 389 504 398 514 402 503 402 539 418 561 426 577 432 497 412 538 431 565 443 585 452 487 423 527 440 552 451 571 460 473 435 505 447 523 453 538 458 
434 392 461 384 484 390 503 399 513 404 503 401 539 418 562 426 578 432 497 411 538 431 565 443 586 452 487 422 527 440 552 451 572 460 473 434 505 447 524 453 540 459 
435 393 463 384 486 390 503 400 513 406 504 401 539 419 562 427 578 433 498 412 538 431 566 443 587 452 488 423 527 440 552 451 571 459 474 435 505 447 524 453 539 458 
436 393 462 385 485 391 503 400 512 407 503 403 539 419 562 427 578 434 497 413 538 431 567 443 588 452 487 424 528 440 554 451 574 460 473 436 505 448 525 454 540 459 
436 394 464 387 487 393 504 401 514 407 506 404 539 420 562 428 577 433 499 414 539 432 566 444 586 453 489 425 527 441 552 452 570 460 475 437 505 448 524 454 539 459 
436 394 462 386 486 392 503 402 513 408 504 404 538 420 561 428 577 433 498 414 539 433 566 444 586 453 488 424 528 442 553 452 571 461 474 436 506 449 524 456 540 461 
436 395 464 388 486 393 503 402 513 408 506 405 539 420 561 428 576 433 499 415 539 433 566 444 586 453 489 426 528 442 552 453 570 461 476 437 506 449 524 456 539 462 
436 395 464 388 487 393 503 402 513 408 507 405 540 420 562 427 577 433 501 415 540 433 567 445 586 454 490 426 529 443 552 453 570 462 477 438 506 450 525 457 540 463 
435 395 463 387 486 393 503 401 513 407 505 405 539 420 561 427 577 433 499 415 540 433 566 445 586 454 489 425 528 442 552 453 570 462 475 437 505 450 524 457 538 464 
434 395 462 386 485 392 503 399 515 403 504 404 539 419 561 426 576 432 499 415 540 433 566 444 586 453 488 426 528 443 552 453 569 462 475 438 505 451 523 458 537 465 
433 394 460 385 484 391 503 399 514 404 503 404 538 419 561 426 577 432 497 414 539 433 566 444 586 453 486 425 527 443 551 454 569 463 472 437 503 452 522 459 537 466 
433 394 461 385 484 391 503 399 514 404 503 403 539 419 562 426 577 432 497 414 539 433 566 444 586 453 486 425 526 443 551 454 569 463 472 437 503 452 521 460 536 466 
433 394 464 389 486 394 503 400 515 405 507 406 539 420 561 427 576 432 500 415 539 433 565 444 585 453 488 426 526 443 550 454 568 464 474 439 503 454 520 462 535 471 
433 395 464 389 487 395 504 403 515 410 506 405 540 419 563 427 578 434 499 415 539 432 566 443 586 453 488 426 526 442 550 453 568 463 474 439 503 453 520 462 535 470 
434 395 466 393 487 399 503 405 516 411 510 408 540 420 563 427 578 433 502 417 540 432 566 444 586 453 491 428 527 443 550 453 567 462 478 441 505 454 522 463 536 470 
434 396 465 393 487 399 503 406 513 413 508 407 541 419 564 427 578 435 501 416 541 432 567 444 587 454 490 427 528 442 552 452 569 462 476 440 505 453 522 462 537 469 
435 395 464 390 486 397 503 406 512 413 507 406 541 419 564 427 578 434 500 415 541 432 568 444 588 454 489 426 528 442 553 453 571 462 474 438 504 452 522 460 537 467 
435 395 465 394 487 401 501 409 512 416 509 409 541 422 563 429 577 436 502 418 541 434 568 445 587 454 490 428 528 443 551 454 569 463 476 440 505 452 523 459 537 466 
434 394 463 391 486 399 502 408 510 416 507 407 541 421 564 429 578 436 500 416 541 434 567 446 587 456 488 427 527 444 551 455 569 463 474 439 504 452 522 460 537 466 
434 394 463 390 486 398 501 409 509 417 505 407 540 421 563 429 578 436 498 416 540 434 567 446 587 456 487 426 527 444 552 455 571 464 472 438 503 452 522 460 538 466 
434 394 462 389 484 398 499 411 505 419 505 406 541 422 563 430 579 437 498 416 540 434 567 447 587 457 486 426 527 444 552 456 570 466 472 438 503 451 522 459 538 465 
434 395 464 390 486 398 500 410 506 419 505 407 539 422 562 430 578 437 497 417 538 435 565 447 586 456 486 428 525 445 550 456 569 465 472 441 504 452 523 459 538 465 
435 395 463 390 485 399 499 411 506 420 505 407 539 422 563 430 578 436 497 417 538 435 565 447 586 457 485 427 525 445 550 457 568 466 471 439 502 452 521 459 538 465 
435 395 464 392 485 401 499 413 506 422 505 408 540 422 563 431 578 437 497 417 538 435 565 447 586 457 486 427 526 444 550 456 569 465 473 440 503 452 522 459 537 466 
435 396 463 391 484 400 497 413 504 422 504 408 539 423 562 431 578 437 497 417 538 435 565 448 586 457 486 428 525 445 550 457 569 466 472 440 503 452 522 460 538 466 
435 396 464 392 485 400 499 412 506 421 505 408 540 422 563 431 578 437 498 417 539 435 566 447 586 457 487 428 526 445 550 457 569 466 472 440 503 452 522 460 538 466 
435 396 464 392 486 401 500 413 507 422 506 410 539 424 562 432 577 438 499 419 539 436 566 448 586 457 488 429 527 445 551 456 570 464 474 440 504 453 522 460 537 467 
434 396 462 392 485 400 500 412 508 420 504 408 539 422 562 431 577 438 496 417 538 435 566 448 587 457 485 427 525 445 550 456 569 466 471 440 502 453 521 461 537 468 
434 396 463 392 486 401 501 412 510 421 504 409 539 423 563 432 578 438 497 418 538 436 566 448 587 457 485 427 526 446 551 457 570 466 471 439 502 453 521 461 537 468 
434 396 462 392 484 401 498 413 504 423 503 408 539 423 562 432 578 439 496 418 537 436 565 448 586 458 484 428 524 446 549 458 568 468 470 440 502 453 521 461 537 468 
434 396 462 392 484 401 498 414 506 423 504 408 539 423 562 431 577 438 496 417 538 435 565 448 586 458 484 428 524 445 549 457 568 467 470 440 501 453 520 461 537 468 
434 397 463 393 485 402 499 414 507 424 504 409 539 423 562 432 578 439 496 418 537 436 565 448 586 459 485 428 524 446 549 458 568 467 470 440 502 453 521 461 537 468 
434 396 464 393 485 402 499 415 506 425 504 409 539 424 562 432 578 439 496 418 538 436 565 448 586 459 485 428 525 446 549 458 568 467 471 440 502 453 521 461 536 468 
434 397 463 395 484 404 497 416 505 426 505 410 539 424 562 433 577 439 497 419 538 436 565 449 585 459 486 429 524 446 548 458 567 468 472 441 502 454 521 462 536 469 
435 398 464 398 484 406 497 416 506 425 508 412 540 425 562 433 576 440 500 421 539 437 566 449 586 458 489 431 526 446 549 457 567 466 476 443 504 455 521 463 536 470 
436 397 464 399 485 407 497 417 505 427 509 413 541 425 563 434 577 442 501 421 540 437 566 449 586 459 490 431 526 446 549 458 566 466 477 444 504 456 521 464 535 471 
435 398 464 399 484 408 497 418 505 427 509 413 541 425 563 434 576 441 502 422 540 437 566 449 585 458 491 432 526 447 549 459 566 467 478 444 505 457 522 465 536 472 
434 397 464 399 484 407 497 417 504 427 509 412 541 425 564 434 577 441 501 421 540 436 566 449 586 458 489 431 526 447 549 459 566 468 476 443 505 456 522 464 536 471 
434 396 463 399 483 407 496 417 505 426 508 412 540 425 563 434 576 441 500 420 540 436 566 448 586 457 489 430 526 446 549 458 566 466 475 442 504 456 522 465 536 472 
434 396 462 397 483 406 496 417 503 427 508 411 540 424 563 433 576 440 500 420 539 435 566 447 586 456 489 430 525 446 548 458 565 468 475 443 504 456 521 465 535 472 
434 395 463 399 483 407 495 416 503 427 508 411 540 423 562 432 574 439 501 419 540 433 566 446 586 454 490 430 526 445 549 457 566 466 477 443 503 458 520 468 533 476 
433 395 462 398 482 406 495 416 502 426 507 410 540 423 562 432 575 439 500 419 539 434 566 446 586 455 488 430 524 445 548 458 565 467 475 443 502 458 519 468 533 477 
434 396 461 398 481 406 494 416 501 426 507 410 539 423 561 433 574 440 500 419 539 434 566 446 586 455 489 430 525 445 549 457 566 466 476 443 503 458 519 469 533 477 
433 396 461 397 481 406 494 416 500 427 506 410 540 424 562 433 575 440 499 419 539 434 566 447 586 456 488 429 524 445 548 458 566 467 474 442 502 457 519 468 533 477 
434 396 462 399 482 408 495 417 503 427 508 412 540 424 562 433 573 440 501 420 540 434 566 447 586 455 490 431 526 445 549 457 566 466 477 443 503 458 519 469 533 477 
434 397 464 401 483 409 496 418 505 427 510 413 540 425 561 433 572 439 503 422 541 435 567 447 586 456 492 432 527 446 550 458 567 466 478 445 504 458 521 467 535 475 
433 397 462 400 483 408 497 416 505 425 508 412 540 425 561 434 572 441 501 421 540 435 566 448 586 456 489 431 526 446 549 458 567 466 476 444 503 458 520 467 535 474 
432 398 462 401 482 408 496 416 505 425 508 412 538 424 552 433 558 439 502 421 540 434 566 446 585 454 491 432 526 446 549 457 567 465 478 445 503 459 520 468 535 475 
431 397 460 395 482 403 496 414 502 423 504 409 540 423 561 433 574 442 498 418 539 434 565 447 585 456 486 429 524 446 548 459 566 470 472 442 500 458 518 469 532 478 
431 397 462 400 482 408 496 416 505 425 507 411 539 423 560 432 571 440 500 420 538 434 565 446 585 455 488 431 524 446 548 459 566 468 474 445 501 460 518 471 532 480 
432 397 461 399 482 407 496 416 503 426 506 412 539 424 561 433 573 441 499 420 538 435 565 447 585 456 487 431 523 446 547 459 565 469 473 444 500 460 517 471 531 480 
432 398 462 401 482 409 496 418 504 428 506 413 539 424 561 433 574 440 499 421 537 435 565 447 585 456 487 432 523 447 546 459 564 469 474 445 500 460 517 471 530 481 
432 399 463 401 483 408 497 418 506 427 506 412 539 424 561 432 574 439 499 421 537 436 564 448 585 458 487 432 523 447 546 460 563 470 474 445 500 460 516 471 530 480 
433 399 463 403 483 411 496 420 505 430 506 413 538 424 560 432 574 439 498 421 537 436 564 448 584 458 487 432 522 448 546 461 563 471 474 445 499 461 516 473 530 482 
433 399 462 400 482 408 495 418 503 428 504 412 537 424 560 432 574 439 497 421 537 436 564 448 584 458 486 432 522 448 545 462 563 472 473 445 499 461 515 473 529 483 
433 399 460 400 480 408 494 418 501 429 503 411 537 424 559 432 574 439 495 420 536 436 563 448 584 458 484 431 521 449 545 462 562 473 470 444 498 461 515 473 529 483 
432 399 462 403 482 411 494 420 503 430 504 412 537 423 560 430 574 436 497 421 535 436 563 447 584 457 485 432 520 449 544 463 561 473 473 446 498 462 514 474 528 484 
433 400 463 405 483 413 495 421 505 430 506 413 537 423 560 428 573 433 498 422 536 436 564 448 585 458 487 433 521 450 544 463 561 474 475 446 499 462 514 475 527 485 
432 400 463 405 483 414 495 422 505 431 505 413 537 422 560 428 573 432 498 422 536 436 563 448 584 457 486 433 520 450 543 464 561 474 474 447 498 463 515 476 528 486 
432 400 461 402 480 410 494 419 503 429 503 412 537 421 559 427 573 432 496 421 535 436 564 447 585 456 485 433 520 451 544 464 562 475 472 446 498 463 514 475 528 485 
432 400 462 405 482 413 494 422 504 431 505 413 537 421 559 427 572 431 497 422 536 436 563 448 584 457 486 433 520 450 543 464 561 474 473 446 498 463 514 475 527 486 
431 400 461 404 481 412 494 421 504 431 504 412 536 421 559 427 572 431 496 421 535 436 563 448 584 457 485 433 520 450 544 464 561 474 472 446 497 463 514 476 527 486 
430 400 460 404 480 411 494 420 504 429 503 412 536 421 558 427 572 431 496 421 535 436 563 449 584 458 485 433 519 450 543 464 561 475 472 446 496 463 513 475 526 486 
431 400 462 404 481 412 494 420 504 429 504 413 536 422 558 427 571 430 497 422 535 437 563 449 584 458 486 433 520 450 543 464 560 474 473 446 496 463 512 476 525 487 
430 400 459 404 479 412 493 420 502 430 503 412 536 421 558 427 572 431 495 421 535 436 563 449 584 458 484 433 519 450 543 464 561 474 471 446 496 463 512 476 526 486 
431 399 461 403 481 411 494 419 504 428 504 413 536 422 558 427 572 431 496 422 535 437 563 450 584 460 484 433 519 451 543 465 560 476 471 446 496 464 512 476 524 487 
430 401 461 404 481 411 496 416 508 423 503 413 536 421 557 427 570 430 496 422 536 437 564 449 585 459 485 434 520 451 544 465 561 476 473 447 496 465 512 479 524 490 
430 401 460 401 481 407 498 411 511 414 502 413 536 422 557 427 571 431 496 423 536 437 564 450 585 459 485 434 520 452 543 467 560 478 472 447 496 466 511 479 523 491 
429 401 460 402 481 407 499 411 512 413 504 415 536 422 558 428 571 431 497 424 537 438 564 451 585 459 485 435 520 453 543 468 560 479 472 448 495 467 510 481 522 492 
428 402 460 399 481 404 499 407 512 409 504 415 537 423 558 428 572 431 497 424 537 439 564 451 584 459 486 436 521 454 544 469 561 480 472 449 495 468 509 482 521 493 
427 401 458 398 480 403 499 406 512 407 501 413 535 423 556 429 569 432 495 423 536 439 563 450 584 459 484 435 521 454 544 469 561 480 470 448 494 469 507 483 518 495 
427 400 457 396 479 402 499 405 511 406 500 413 535 424 556 430 570 432 495 422 536 439 563 450 583 457 483 434 520 455 543 470 560 482 469 446 493 469 506 484 517 497 
426 402 457 394 479 400 499 403 509 403 500 412 535 423 555 428 568 431 495 423 537 439 563 450 583 458 484 436 520 457 543 472 560 484 469 449 493 471 505 486 516 499 
425 401 456 395 479 400 499 402 509 401 499 412 534 423 556 429 570 433 493 423 536 440 563 451 583 460 482 436 519 458 542 473 560 486 467 449 491 472 504 487 515 500 
424 401 453 393 477 399 498 402 508 400 496 411 534 423 556 430 571 434 491 422 535 439 563 451 583 460 480 435 518 457 542 473 560 486 465 448 490 471 504 487 514 500 
424 401 453 393 476 398 497 400 507 399 496 411 533 423 555 429 570 433 491 423 535 440 563 451 584 460 480 436 518 458 542 473 560 486 465 448 490 472 503 488 515 502 
424 401 451 393 474 397 496 399 508 398 495 410 533 423 556 429 571 433 491 422 535 440 563 452 584 461 480 435 518 459 542 475 560 488 465 447 490 472 503 487 514 501 
422 401 450 393 474 397 496 399 508 396 494 411 532 423 555 429 571 433 489 422 534 440 562 452 584 461 478 435 517 458 542 473 561 486 464 447 489 472 502 488 513 502 
422 402 449 393 472 396 493 397 506 394 494 411 532 423 554 429 570 433 490 423 534 441 562 453 583 462 479 435 517 459 542 474 560 488 465 447 488 472 501 488 512 502 
422 402 448 393 471 395 492 396 504 394 494 411 531 423 554 430 570 435 490 423 534 442 562 454 584 464 479 436 517 460 542 476 561 489 464 448 488 474 500 489 510 503 
421 401 445 392 468 394 490 396 503 393 492 411 531 423 553 430 569 434 489 423 534 442 561 454 582 463 478 436 517 460 542 476 561 489 464 448 488 474 501 489 511 503 
420 402 445 392 467 393 489 395 503 392 492 411 531 424 553 430 569 435 489 424 534 443 562 454 583 464 479 436 517 460 542 476 561 490 464 448 488 474 500 490 510 504 
420 402 444 392 466 393 489 394 502 391 492 412 530 424 553 431 568 435 488 424 534 443 562 455 583 465 478 436 516 460 542 476 561 490 463 447 486 474 499 490 508 504 
419 402 444 391 467 392 488 393 501 390 492 412 531 424 553 430 568 435 489 425 534 444 562 456 583 465 478 438 516 462 542 477 561 490 464 449 486 476 499 492 508 506 
419 402 444 392 466 392 486 392 498 388 491 413 531 424 553 430 569 435 488 425 534 445 561 456 581 466 478 438 516 463 541 478 559 492 464 448 486 477 497 493 507 508 
418 402 443 392 465 392 485 392 495 389 491 413 530 423 552 430 568 435 488 426 533 444 561 456 580 465 478 438 516 463 541 478 559 492 464 449 486 477 497 494 505 508 
418 402 443 392 464 393 484 393 493 390 491 413 530 424 552 430 568 434 488 426 534 445 561 457 581 466 478 439 516 463 541 479 560 492 464 450 486 478 497 495 505 509 
418 402 443 392 464 393 483 393 492 390 490 413 530 424 553 430 569 434 487 426 533 445 561 457 581 467 477 438 515 463 541 479 560 492 463 449 485 478 496 496 504 511 
418 402 444 392 464 393 483 393 491 390 491 413 530 424 553 430 568 435 488 426 534 446 562 457 582 467 478 439 515 464 541 480 559 492 463 450 484 480 495 497 503 512 
419 402 444 393 464 394 482 394 488 392 491 414 530 425 553 430 568 435 488 427 533 446 561 458 581 468 478 440 514 465 539 481 558 494 464 451 483 482 493 500 499 517 
418 402 443 394 463 395 481 395 487 392 489 415 529 425 552 431 568 436 486 428 532 446 561 458 582 467 476 440 513 465 539 482 558 496 462 450 481 481 491 500 498 516 
418 402 442 394 463 396 480 396 486 395 490 416 529 426 552 432 568 435 487 428 532 448 560 460 581 469 475 440 512 466 538 483 556 497 461 451 481 482 491 500 499 516 
418 402 443 394 463 396 481 395 487 393 490 417 530 427 552 432 568 436 487 429 533 447 561 459 581 469 477 441 513 467 538 484 556 498 462 451 481 483 491 502 499 518 
418 403 444 394 463 396 480 396 486 395 490 417 530 426 552 432 568 436 487 430 533 448 561 460 582 469 476 442 512 468 537 485 555 498 461 453 481 483 491 502 498 518 
419 402 444 394 464 396 480 396 485 395 491 417 530 427 553 433 568 438 488 430 533 448 561 460 581 470 477 442 513 468 537 486 555 499 462 452 481 482 490 501 498 517 
418 402 443 394 463 396 480 396 485 395 490 418 529 426 552 432 567 436 487 431 533 449 560 462 581 471 476 443 512 469 536 487 554 501 461 453 480 484 489 502 496 518 
418 403 444 394 463 396 480 396 484 394 490 417 530 426 553 431 568 435 487 430 533 448 560 461 580 470 476 443 512 469 537 486 555 500 461 453 480 484 489 503 497 518 
419 403 445 394 464 395 480 395 484 393 491 418 531 426 553 431 568 435 488 431 533 449 560 462 580 472 477 444 512 469 537 487 555 500 462 454 480 484 490 503 497 518 
419 403 444 394 463 395 479 395 483 394 491 418 531 425 553 430 569 434 488 431 533 449 560 462 580 472 477 443 512 469 537 487 555 501 462 453 479 484 489 503 495 518 
419 402 444 394 463 395 478 395 483 394 490 418 530 425 552 430 568 433 487 431 532 450 560 462 580 472 476 444 512 469 536 487 555 501 462 454 479 484 488 503 495 518 
419 403 443 393 462 394 478 394 483 392 490 417 529 424 552 428 568 431 487 431 532 449 560 461 580 470 477 443 512 469 537 486 556 499 462 454 479 484 488 503 495 519 
420 403 444 394 463 394 478 393 483 391 490 418 530 424 552 428 568 431 487 432 532 449 560 461 581 471 476 444 512 469 536 486 555 500 461 454 479 485 488 504 495 520 
420 404 444 394 463 393 479 392 484 391 491 417 530 424 552 428 568 431 488 432 533 449 560 461 580 471 477 445 513 469 537 486 555 500 462 455 479 485 487 504 494 520 
420 403 444 393 463 393 479 393 484 392 490 418 530 424 552 427 568 430 488 432 533 450 561 461 581 470 477 444 512 470 537 487 556 500 462 454 478 485 486 504 493 520 
420 403 443 393 463 393 478 393 483 392 490 418 530 424 552 428 568 431 487 432 533 450 560 462 580 471 477 444 512 469 537 486 556 500 461 454 478 485 486 504 493 520 
419 403 443 393 462 393 478 392 483 390 489 418 529 424 552 428 568 430 486 431 532 450 560 461 581 470 475 444 511 469 537 487 556 500 460 453 477 484 486 504 492 520 
420 403 444 393 463 393 478 392 483 390 491 417 530 424 552 427 568 430 488 431 534 450 561 461 582 469 477 444 513 470 537 488 556 501 462 454 478 486 486 506 492 522 
420 403 444 393 463 394 478 392 484 391 491 419 530 425 552 428 568 430 488 433 534 451 561 461 581 469 477 445 513 471 538 488 556 501 462 455 478 487 486 506 492 523 
418 404 442 394 462 394 478 393 482 391 489 418 529 424 552 427 568 430 487 433 532 451 560 462 580 470 476 446 512 472 536 489 555 503 461 456 476 487 484 506 491 523 
419 403 443 393 462 394 478 394 483 393 489 419 529 425 552 428 568 430 487 432 532 450 560 461 580 469 476 444 511 471 536 488 555 502 460 453 476 486 485 506 491 522 
418 405 443 394 462 394 478 393 483 392 490 419 529 425 551 428 567 430 487 433 532 451 559 462 579 469 476 446 512 472 536 489 555 502 461 456 476 487 484 507 491 523 
419 404 443 394 462 395 478 394 483 393 490 419 529 426 551 429 568 431 487 433 533 452 561 462 581 470 476 446 512 472 537 490 555 503 460 455 476 488 484 508 490 524 
418 404 443 395 462 396 478 395 482 394 489 420 528 426 551 429 567 431 486 434 532 453 559 464 579 472 476 446 510 473 534 491 553 504 460 456 475 488 484 508 489 525 
418 404 443 395 462 396 477 395 482 393 489 421 529 427 551 430 567 432 487 434 531 453 558 464 578 472 475 446 510 473 534 491 552 504 460 455 474 488 481 508 487 524 
418 404 442 395 461 396 477 395 482 393 489 421 528 427 551 430 567 432 486 434 531 453 559 464 579 472 475 446 510 474 534 492 553 505 459 456 474 488 482 509 487 525 
418 404 443 395 462 396 478 395 481 394 489 421 528 427 551 430 567 432 486 435 531 454 558 465 578 473 475 447 510 474 534 492 552 506 459 456 473 489 481 509 487 526 
417 404 443 396 462 397 477 397 481 395 489 421 529 427 551 430 567 432 486 434 531 453 558 465 578 473 474 446 509 474 533 492 551 506 459 456 473 489 480 509 486 526 
417 403 443 395 462 397 477 398 480 397 489 421 528 427 551 430 567 432 485 434 530 453 557 465 578 474 473 445 508 473 532 491 551 505 458 455 472 488 479 508 485 525 
416 403 442 394 461 397 477 397 480 396 488 420 528 427 551 430 567 432 484 434 530 453 557 465 577 473 473 446 508 474 532 492 551 506 457 455 471 488 478 509 484 526 
416 403 442 394 462 397 477 397 480 396 488 421 528 426 551 429 568 432 485 434 531 453 558 464 578 473 473 446 508 474 532 493 550 507 458 455 471 488 478 509 483 526 
416 402 442 394 461 397 476 397 478 396 488 420 528 426 551 429 567 432 484 434 530 453 557 465 577 474 473 446 508 474 532 492 550 506 457 455 470 488 477 509 482 525 
416 402 442 394 461 397 477 397 479 396 488 421 528 427 551 429 567 431 484 434 530 454 557 465 577 474 473 446 507 474 532 492 550 506 457 455 470 488 477 509 482 525 
415 402 441 394 461 397 477 397 479 395 487 420 528 426 551 429 568 431 484 433 530 453 557 464 577 473 472 445 507 474 531 492 550 506 456 455 470 488 476 509 482 526 
415 401 442 394 462 397 477 397 480 395 488 422 528 428 551 430 567 432 485 435 530 454 557 466 577 474 473 446 508 474 532 492 550 506 457 454 470 488 476 509 481 526 
415 402 441 394 461 396 477 397 480 395 488 421 528 428 551 430 567 432 485 435 530 455 557 467 577 475 473 446 507 475 532 494 550 507 457 455 470 489 476 510 481 527 
414 400 441 393 461 396 477 397 481 396 487 422 528 428 551 431 567 433 484 435 529 456 556 468 576 477 472 447 507 476 531 494 549 508 456 455 469 490 476 511 481 528 
412 401 440 393 460 396 476 397 480 395 487 421 528 428 551 430 568 432 483 434 529 454 557 466 577 475 472 446 506 475 530 494 548 508 456 455 469 489 475 510 480 527 
413 400 440 393 460 396 476 398 479 397 487 421 528 428 552 431 569 432 484 434 530 455 557 467 577 476 472 445 507 475 530 494 549 509 456 453 468 488 475 509 479 526 
411 399 440 392 460 396 476 397 480 396 485 421 527 427 551 430 568 432 482 434 529 456 556 468 576 477 471 445 506 476 530 495 548 509 455 454 468 489 474 511 479 528 
410 399 440 393 460 396 476 398 479 396 486 421 528 427 552 430 568 432 483 434 530 455 557 467 577 476 471 446 506 476 530 495 548 509 454 455 468 489 474 510 479 527 
410 399 438 393 459 396 475 397 479 395 486 421 528 428 551 431 568 433 483 434 530 455 557 467 577 477 471 445 506 475 529 495 547 509 455 454 468 489 474 511 478 528 
410 398 439 393 460 397 475 398 478 396 486 421 528 429 551 432 568 434 483 434 530 456 557 468 577 478 471 445 506 476 530 495 548 510 455 454 468 489 474 511 479 528 
408 399 438 393 458 397 474 398 478 395 485 421 527 428 551 431 568 433 482 434 529 455 557 468 577 477 470 446 506 476 530 495 548 510 454 455 467 490 474 512 479 529 
408 398 438 393 458 397 475 398 478 395 485 422 527 429 551 432 568 435 482 435 529 456 557 469 577 478 470 446 505 476 529 496 547 511 454 455 467 490 473 511 478 528 
407 399 438 395 459 400 474 402 477 399 485 423 527 430 550 433 567 435 482 436 529 457 556 470 575 480 470 447 505 477 529 496 546 511 453 456 466 491 473 512 478 529 
406 397 437 392 458 398 474 400 477 397 485 421 527 429 550 433 567 435 482 435 529 455 556 468 576 478 469 446 505 475 529 494 547 509 452 456 465 490 472 511 477 528 
404 398 436 393 457 399 473 402 476 400 484 423 526 430 550 433 567 436 481 436 528 457 555 470 575 480 469 447 504 477 528 496 546 511 452 456 466 491 472 512 478 529 
404 397 436 392 458 398 473 401 476 399 485 422 527 430 551 434 568 436 481 436 528 456 555 469 575 480 468 447 504 475 528 495 546 510 451 456 464 490 471 511 476 528 
402 396 435 391 457 398 472 402 475 402 483 421 526 429 550 433 568 435 479 435 526 455 554 469 575 479 467 447 502 476 526 496 544 512 449 456 464 490 471 511 477 527 
403 395 436 391 458 399 473 403 475 403 484 420 526 430 551 434 568 437 480 434 528 454 555 467 575 477 467 446 504 474 527 493 545 509 449 455 463 490 469 511 475 529 
403 395 434 391 456 398 472 402 475 400 484 421 526 429 551 433 568 436 481 433 528 454 556 466 576 477 468 445 504 474 528 494 545 509 450 455 464 489 471 512 475 529 
401 395 433 391 456 398 472 402 475 402 483 420 526 429 551 433 568 436 480 434 528 453 556 466 576 476 467 446 504 474 528 494 546 510 449 455 464 490 471 511 476 529 
402 395 436 391 458 399 474 404 476 404 485 420 527 429 551 434 568 437 481 433 530 453 557 466 577 477 468 445 505 474 528 494 545 510 450 455 465 490 471 512 475 529 
403 396 437 392 459 399 474 403 476 403 486 421 528 429 552 433 568 436 482 435 530 454 557 466 577 477 470 447 506 474 528 494 546 509 452 457 466 490 471 512 476 529 
402 394 434 391 457 398 473 403 476 402 484 420 527 428 551 432 568 435 481 433 529 452 556 465 577 476 468 445 505 474 528 493 546 508 450 456 465 490 472 512 477 529 
402 395 435 391 458 398 474 402 476 401 485 420 527 428 551 433 568 436 482 433 530 452 557 465 577 475 469 445 506 473 529 492 547 507 451 455 466 489 472 511 477 528 
402 395 436 390 459 397 474 402 477 402 485 419 527 428 552 432 569 435 481 433 530 451 558 464 578 474 469 445 506 473 529 492 547 507 451 455 467 489 474 510 479 528 
401 394 433 390 456 397 474 400 479 398 484 419 527 428 551 432 568 435 481 431 530 450 558 463 579 473 468 443 506 471 531 490 549 505 450 453 467 488 474 510 481 527 
400 395 432 390 456 396 475 399 479 396 485 419 527 428 552 432 569 435 482 431 531 450 559 462 580 472 470 443 507 471 531 490 550 506 453 453 469 488 477 510 483 528 
399 394 431 390 455 396 475 398 480 395 484 418 527 428 552 433 569 436 481 430 531 448 560 459 581 469 469 441 508 469 533 488 552 503 453 452 471 486 479 508 486 526 
398 395 430 389 455 394 476 397 482 395 484 417 527 427 552 431 569 434 482 430 531 446 560 457 582 466 470 443 508 469 533 487 551 502 454 454 472 487 481 508 489 526 
399 396 432 388 457 394 478 396 485 392 486 414 529 424 554 428 571 432 484 427 533 443 562 454 584 463 473 440 511 465 535 483 553 498 457 453 475 485 484 506 492 523 
398 394 431 388 456 393 478 395 486 391 485 414 528 423 553 428 570 432 483 426 533 442 562 453 583 462 471 439 511 464 536 482 555 496 455 451 474 483 484 504 492 521 
399 394 431 388 457 392 479 394 487 390 485 413 528 422 554 427 571 430 483 425 533 441 562 453 584 463 471 438 511 463 536 480 554 493 455 450 475 482 485 502 493 518 
401 397 432 389 458 392 481 393 491 388 486 414 530 421 554 425 572 429 484 427 534 442 563 453 584 463 474 441 513 464 538 480 555 494 458 453 477 483 488 503 496 519 
402 397 433 388 459 391 482 392 493 388 486 412 531 420 555 425 572 428 484 425 535 440 564 452 585 462 474 439 514 461 539 477 557 490 458 451 479 481 490 500 499 516 
403 396 435 388 462 392 485 392 495 387 488 412 531 421 556 425 573 428 485 423 535 438 564 449 586 458 474 436 515 456 542 470 562 481 458 449 480 477 493 495 503 509 
403 396 434 388 462 391 485 391 495 386 488 410 532 420 556 425 573 428 484 420 533 436 563 446 585 454 473 433 516 453 543 466 564 476 458 445 484 472 498 488 511 501 
406 396 437 388 464 391 486 391 497 386 491 409 534 420 558 426 574 430 486 418 534 435 565 445 588 453 474 430 520 449 548 461 571 470 459 442 491 462 510 473 526 483 
409 396 438 387 464 390 487 390 499 386 492 408 534 419 558 426 575 431 487 418 534 433 565 444 588 452 476 428 520 447 549 458 571 467 460 439 494 458 514 468 531 477 
412 400 442 389 467 390 488 390 500 385 491 408 534 422 558 428 575 434 486 420 534 437 563 447 586 455 476 432 520 450 548 461 569 469 463 444 498 460 517 467 534 473 
416 400 444 390 468 390 489 391 500 385 493 409 535 422 558 428 576 433 488 421 534 438 564 448 586 456 477 432 520 451 548 461 569 469 463 443 497 458 517 465 534 470 
418 401 445 390 468 390 488 392 498 387 494 409 534 423 558 429 576 434 488 421 533 438 563 449 585 457 477 431 520 450 548 460 569 469 463 442 498 457 518 464 535 470 
421 402 446 391 469 391 488 393 500 389 495 409 534 423 558 429 576 434 489 421 533 439 563 450 585 458 479 432 521 450 548 460 569 468 465 443 499 458 519 464 536 469 
422 404 447 392 470 392 491 394 503 391 495 409 534 423 558 430 576 436 489 421 533 439 562 450 584 458 479 432 521 450 548 460 569 469 466 444 499 457 519 463 536 468 
425 404 448 392 471 393 491 395 503 392 496 409 534 424 558 432 576 438 490 420 534 438 563 450 585 459 480 432 521 449 549 460 570 469 466 444 500 457 520 463 537 469 
427 405 450 393 473 394 492 398 504 395 497 409 535 425 559 432 576 438 492 420 534 438 563 450 585 459 482 432 522 449 549 460 569 469 468 445 501 457 521 464 537 469 
429 404 453 393 477 396 498 402 507 401 498 408 535 425 559 433 577 439 492 419 535 438 564 450 585 460 482 431 523 449 550 460 570 469 468 444 502 457 521 463 537 469 
431 405 455 394 479 398 500 403 509 401 500 407 537 424 560 433 577 440 494 418 536 437 564 450 585 460 484 430 525 448 550 459 569 469 470 444 503 457 521 463 537 469 
432 405 458 395 482 400 502 406 512 405 501 409 538 425 561 433 577 441 495 419 537 438 565 450 585 460 485 431 525 449 551 461 569 470 471 445 503 457 522 463 538 468 
433 405 461 397 484 403 504 410 516 412 503 410 537 426 561 435 577 444 496 420 537 437 564 450 584 461 485 432 525 449 549 459 568 469 471 446 503 457 521 463 537 468 
433 405 462 398 485 404 504 413 515 417 503 411 538 427 561 436 577 445 496 421 537 438 564 451 584 462 485 432 525 448 550 460 569 469 471 446 503 457 521 463 538 469 
434 404 462 398 483 406 497 417 505 426 503 411 537 427 560 436 576 445 496 421 536 438 563 451 583 461 485 432 524 449 549 460 568 470 472 446 503 457 521 463 537 469 
434 406 463 400 484 407 497 418 506 428 505 412 538 428 562 437 577 446 496 423 536 439 563 453 583 463 486 435 524 450 548 461 566 471 473 448 503 458 522 464 538 471 
433 405 460 397 482 404 497 418 503 429 502 410 537 427 561 437 577 446 494 421 536 439 562 453 582 463 484 433 524 450 549 462 567 472 471 447 503 458 522 465 538 471 
434 405 461 397 483 404 497 419 503 430 502 410 538 427 561 438 577 447 495 420 536 439 563 453 583 464 484 432 524 450 549 462 568 472 470 446 501 457 521 464 537 470 
434 404 461 397 483 405 497 420 503 432 502 409 537 428 560 439 576 449 494 421 534 441 561 455 581 467 483 434 522 452 547 464 565 475 470 448 502 459 521 466 537 472 
435 407 461 399 482 406 495 420 502 431 503 411 537 428 561 440 577 449 496 422 536 441 563 455 584 467 485 434 524 451 549 464 568 475 472 448 503 458 522 466 538 473 
435 407 464 402 485 410 498 422 507 433 506 413 538 430 561 441 576 451 497 424 535 443 561 457 580 469 486 436 522 453 546 465 564 475 473 450 502 460 521 466 537 472 
434 406 460 399 481 406 495 419 501 430 502 411 536 429 559 440 574 449 494 421 535 441 561 455 580 466 483 433 523 451 547 463 565 474 470 448 501 459 520 467 536 473 
435 407 462 400 483 408 496 421 504 432 504 411 537 429 560 441 575 450 496 422 535 442 561 457 580 469 485 435 523 452 547 465 564 475 472 449 503 459 521 467 537 473 
435 406 462 403 483 410 496 422 505 432 504 412 537 430 559 441 574 451 496 423 535 441 561 456 580 469 485 435 522 452 546 464 563 475 472 449 501 460 520 468 536 475 
434 408 462 402 482 409 496 421 505 432 504 412 537 429 560 441 575 451 496 422 535 441 562 456 581 468 485 435 522 452 546 464 563 475 471 449 501 461 520 469 536 476 
434 408 462 402 483 409 497 421 505 432 503 411 537 429 560 441 575 451 495 422 535 441 561 456 580 468 484 435 522 452 546 464 564 475 470 449 500 460 519 468 536 475 
435 408 462 402 483 409 497 421 505 432 503 411 537 430 560 441 575 451 495 422 535 442 561 457 580 469 484 435 522 452 546 464 564 475 470 449 500 461 519 468 535 475 
435 408 461 400 483 407 497 420 503 432 503 410 537 428 560 440 575 450 495 421 535 441 562 456 581 468 484 435 523 452 547 464 565 475 471 449 502 461 520 468 537 475 
435 408 462 402 483 408 496 420 505 431 504 411 537 428 560 440 575 450 496 421 536 441 562 456 581 469 485 434 523 451 547 464 564 475 472 449 502 460 521 468 537 475 
436 407 461 400 482 407 496 420 502 431 502 409 537 428 560 440 576 449 495 420 536 440 562 455 581 467 484 433 523 451 547 463 565 474 470 448 502 460 521 468 537 475 
437 407 463 400 484 407 498 420 504 431 503 409 538 428 561 439 576 448 496 420 537 441 563 455 582 467 485 433 524 451 549 464 567 475 472 448 502 460 521 469 537 476 
438 408 466 404 486 410 500 421 509 431 506 411 539 428 562 438 577 448 498 422 538 440 564 455 582 468 487 435 524 451 548 464 565 475 474 450 503 461 521 469 536 477 
439 408 468 407 488 414 502 423 512 433 509 413 540 427 563 437 577 445 501 423 539 439 564 453 583 465 490 435 525 450 548 462 565 473 477 449 504 462 521 471 535 479 
439 407 467 403 487 409 502 419 512 429 507 410 541 423 563 431 577 439 500 420 540 438 565 453 583 465 489 433 527 451 549 464 566 475 477 447 505 462 522 472 536 481 
440 407 471 408 490 415 504 422 515 431 511 412 541 423 563 431 577 438 503 422 540 437 566 451 583 462 492 434 527 449 549 462 566 472 481 447 507 462 523 472 537 482 
439 406 466 401 486 408 500 418 509 429 507 408 541 422 564 430 579 437 499 419 540 437 567 450 585 461 489 431 527 450 551 463 568 474 477 446 506 462 524 473 539 482 
440 405 468 402 488 408 503 417 512 427 509 408 543 421 564 429 579 436 502 418 541 437 567 451 584 462 491 431 528 450 551 463 568 474 479 445 507 462 524 472 539 481 
441 404 468 401 488 408 502 418 511 428 510 408 543 420 565 427 579 434 503 418 543 436 568 449 586 460 492 431 529 449 552 461 569 472 480 445 508 461 525 472 539 481 
442 404 470 403 490 409 504 418 513 427 512 409 544 420 566 427 579 433 505 419 544 435 569 448 587 458 495 431 531 448 554 461 570 472 483 445 509 462 526 472 540 482 
443 404 470 401 490 407 504 416 513 426 511 408 546 420 567 427 582 433 505 417 545 435 571 448 589 458 494 430 531 448 554 461 571 471 481 444 508 462 525 473 539 482 
444 404 472 401 491 407 505 416 513 427 513 408 547 419 567 426 581 432 507 418 546 436 571 448 589 458 496 431 533 449 556 462 573 473 483 444 510 462 527 473 540 484 
446 403 472 399 491 405 505 415 513 426 513 407 548 419 569 426 583 432 508 418 548 436 573 448 592 458 497 431 534 449 557 462 574 473 484 444 511 462 527 474 540 484 
447 403 473 400 492 406 506 415 513 426 515 408 548 419 569 426 583 432 509 418 549 435 575 448 593 458 499 431 536 449 559 463 575 473 486 444 512 463 528 475 540 485 
447 402 473 398 492 405 506 415 512 426 514 407 549 419 570 426 584 432 509 418 550 435 576 447 594 457 499 430 537 449 560 463 577 474 486 444 513 463 528 476 540 487 
448 401 473 398 493 404 507 414 514 426 516 407 550 418 571 425 585 431 510 417 551 434 576 447 595 457 500 430 538 449 560 463 577 475 488 444 514 463 529 476 541 486 
450 401 476 398 495 404 509 414 516 425 518 407 552 418 573 425 587 431 512 417 553 434 579 447 597 457 502 430 539 449 563 464 579 475 490 443 516 464 530 477 543 488 
450 400 477 396 497 403 510 414 516 426 517 405 553 416 574 424 589 430 512 415 554 433 580 446 598 457 502 428 540 448 564 463 580 475 489 442 516 462 531 475 544 487 
454 400 480 395 499 402 512 413 518 424 521 405 556 416 577 422 591 428 517 416 557 433 583 446 601 456 506 429 544 448 567 462 584 474 493 443 519 463 533 476 545 487 
456 398 482 395 502 402 515 413 521 424 523 403 558 415 579 422 593 428 518 414 559 432 584 445 602 455 507 426 546 447 569 461 586 473 494 440 520 461 535 475 547 487 
458 398 485 393 505 399 520 408 527 418 526 403 561 414 582 421 595 427 521 413 563 432 588 445 606 454 511 426 549 446 572 461 588 472 497 440 523 461 537 475 549 487 
460 396 484 388 505 391 525 393 536 392 528 402 564 413 585 420 599 425 524 413 565 431 591 444 610 453 514 425 551 446 574 461 592 472 500 438 525 460 539 475 551 487 
460 394 486 387 507 391 526 393 536 392 529 401 564 413 584 419 598 424 526 411 567 430 593 443 613 453 516 423 554 445 577 460 594 471 503 436 529 459 542 474 554 486 
462 392 486 384 508 389 527 391 536 389 530 400 566 412 587 419 601 423 527 409 569 429 595 442 615 451 517 421 555 443 579 458 597 469 503 434 529 458 543 473 555 485 
464 391 489 383 510 386 529 388 538 386 533 399 568 411 588 417 602 421 530 409 572 428 598 440 617 449 521 422 558 443 581 457 599 469 508 434 532 458 546 472 557 485 
465 390 489 381 511 384 530 385 539 383 534 398 570 409 591 416 605 420 531 409 574 427 600 439 619 448 522 421 560 441 584 455 602 467 509 433 534 457 548 471 559 483 
467 390 491 381 513 383 531 383 541 382 537 398 573 409 593 414 607 418 534 408 577 426 602 437 621 446 525 420 563 440 587 453 606 464 511 431 537 455 550 470 561 482 
470 388 493 379 514 381 533 381 542 379 539 397 575 407 596 412 609 416 537 408 580 425 606 436 625 445 528 419 567 439 591 452 609 463 515 431 540 455 553 469 564 481 
472 386 494 377 515 379 534 379 543 377 542 396 578 406 598 411 613 415 540 406 583 423 609 434 629 443 530 417 569 437 594 451 613 462 517 428 543 452 556 467 567 479 
475 384 497 376 518 378 538 378 548 376 545 395 582 405 602 410 618 414 543 404 586 422 613 433 634 442 533 415 573 435 598 448 618 460 519 426 545 450 559 465 571 479 
480 383 502 374 524 376 543 375 554 371 550 393 587 404 608 408 623 411 547 403 591 420 618 432 638 440 538 414 578 434 603 448 622 459 525 425 551 449 566 464 578 477 
486 380 509 372 530 374 549 374 559 370 557 391 593 401 614 406 629 409 554 401 597 418 625 430 646 439 546 412 585 432 611 446 630 457 534 424 559 446 574 461 585 474 
497 374 522 367 544 370 563 370 575 364 571 386 608 394 631 398 649 401 567 395 610 411 638 422 660 432 560 405 599 423 625 435 647 445 547 417 573 437 588 451 601 464 
506 370 531 361 553 363 572 362 584 356 581 380 618 387 641 390 658 391 578 389 622 404 650 414 672 423 570 400 611 417 638 428 659 438 558 412 585 432 601 445 613 458 
514 366 537 355 559 356 579 355 590 348 590 376 626 382 648 384 665 384 587 386 631 398 659 406 682 413 579 397 620 412 646 423 668 431 566 407 593 426 609 439 623 451 
523 363 546 351 568 351 587 349 596 343 599 372 635 376 656 377 672 377 597 382 640 393 668 400 691 406 589 393 629 407 655 416 677 424 576 403 603 422 619 434 633 444 
530 361 552 349 573 346 591 344 601 337 606 368 641 371 661 372 676 371 604 378 647 388 674 394 696 400 597 388 637 401 662 410 683 416 585 398 612 416 628 427 642 437 
535 357 556 344 577 342 595 340 605 333 610 363 646 366 666 366 682 365 609 374 652 383 680 389 703 394 602 384 643 396 669 404 690 411 591 395 620 412 637 423 650 433 
542 354 561 341 582 339 600 336 610 330 616 359 651 361 671 361 686 360 616 370 658 379 686 384 709 388 610 381 650 393 675 400 696 406 600 391 629 407 646 417 660 426 
549 350 568 338 588 336 606 334 617 328 621 356 656 357 677 356 693 355 621 366 664 375 692 380 716 384 616 377 656 390 682 397 703 402 607 387 636 403 654 412 668 420 
555 344 576 333 596 332 613 330 623 324 628 351 662 352 683 350 699 348 628 361 669 368 693 371 714 374 623 371 662 383 686 388 706 392 615 382 645 397 663 406 678 414 
564 339 586 328 605 328 621 327 631 321 638 344 671 347 692 346 708 344 637 355 676 363 701 366 722 368 633 366 671 378 695 383 714 388 625 378 654 393 672 401 688 408 
568 336 590 325 611 325 627 324 638 320 640 340 673 341 694 341 711 341 640 350 678 354 702 358 723 362 637 360 674 370 697 376 716 382 630 372 659 385 677 393 693 400 
578 328 606 324 627 327 644 332 655 337 649 331 682 337 704 342 719 347 648 339 686 348 710 357 730 365 644 351 681 363 705 372 722 380 637 366 668 378 687 386 702 394 
586 323 612 344 634 354 654 358 668 363 656 350 685 358 703 366 718 373 658 344 690 352 710 360 729 366 658 339 689 346 708 351 723 354 655 335 680 338 695 342 708 343 
-1 -1 -1 -1 -1 -1 -1 -1 -1 -1 -1 -1 -1 -1 -1 -1 -1 -1 -1 -1 -1 -1 -1 -1 -1 -1 -1 -1 -1 -1 -1 -1 -1 -1 -1 -1 -1 -1 -1 -1 -1 -1 
-1 -1 -1 -1 -1 -1 -1 -1 -1 -1 -1 -1 -1 -1 -1 -1 -1 -1 -1 -1 -1 -1 -1 -1 -1 -1 -1 -1 -1 -1 -1 -1 -1 -1 -1 -1 -1 -1 -1 -1 -1 -1 
-1 -1 -1 -1 -1 -1 -1 -1 -1 -1 -1 -1 -1 -1 -1 -1 -1 -1 -1 -1 -1 -1 -1 -1 -1 -1 -1 -1 -1 -1 -1 -1 -1 -1 -1 -1 -1 -1 -1 -1 -1 -1 
-1 -1 -1 -1 -1 -1 -1 -1 -1 -1 -1 -1 -1 -1 -1 -1 -1 -1 -1 -1 -1 -1 -1 -1 -1 -1 -1 -1 -1 -1 -1 -1 -1 -1 -1 -1 -1 -1 -1 -1 -1 -1 
-1 -1 -1 -1 -1 -1 -1 -1 -1 -1 -1 -1 -1 -1 -1 -1 -1 -1 -1 -1 -1 -1 -1 -1 -1 -1 -1 -1 -1 -1 -1 -1 -1 -1 -1 -1 -1 -1 -1 -1 -1 -1 
-1 -1 -1 -1 -1 -1 -1 -1 -1 -1 -1 -1 -1 -1 -1 -1 -1 -1 -1 -1 -1 -1 -1 -1 -1 -1 -1 -1 -1 -1 -1 -1 -1 -1 -1 -1 -1 -1 -1 -1 -1 -1 
-1 -1 -1 -1 -1 -1 -1 -1 -1 -1 -1 -1 -1 -1 -1 -1 -1 -1 -1 -1 -1 -1 -1 -1 -1 -1 -1 -1 -1 -1 -1 -1 -1 -1 -1 -1 -1 -1 -1 -1 -1 -1 
-1 -1 -1 -1 -1 -1 -1 -1 -1 -1 -1 -1 -1 -1 -1 -1 -1 -1 -1 -1 -1 -1 -1 -1 -1 -1 -1 -1 -1 -1 -1 -1 -1 -1 -1 -1 -1 -1 -1 -1 -1 -1 
215 39 200 39 187 37 178 33 174 30 197 29 192 29 191 30 192 32 207 24 201 26 200 27 202 28 215 20 209 22 208 23 210 25 223 18 218 18 215 20 215 22 
-1 -1 -1 -1 -1 -1 -1 -1 -1 -1 -1 -1 -1 -1 -1 -1 -1 -1 -1 -1 -1 -1 -1 -1 -1 -1 -1 -1 -1 -1 -1 -1 -1 -1 -1 -1 -1 -1 -1 -1 -1 -1 
-1 -1 -1 -1 -1 -1 -1 -1 -1 -1 -1 -1 -1 -1 -1 -1 -1 -1 -1 -1 -1 -1 -1 -1 -1 -1 -1 -1 -1 -1 -1 -1 -1 -1 -1 -1 -1 -1 -1 -1 -1 -1 
-1 -1 -1 -1 -1 -1 -1 -1 -1 -1 -1 -1 -1 -1 -1 -1 -1 -1 -1 -1 -1 -1 -1 -1 -1 -1 -1 -1 -1 -1 -1 -1 -1 -1 -1 -1 -1 -1 -1 -1 -1 -1 
-1 -1 -1 -1 -1 -1 -1 -1 -1 -1 -1 -1 -1 -1 -1 -1 -1 -1 -1 -1 -1 -1 -1 -1 -1 -1 -1 -1 -1 -1 -1 -1 -1 -1 -1 -1 -1 -1 -1 -1 -1 -1 
