-1 -1 -1 -1 -1 -1 -1 -1 -1 -1 -1 -1 -1 -1 -1 -1 -1 -1 -1 -1 -1 -1 -1 -1 -1 -1 -1 -1 -1 -1 -1 -1 -1 -1 -1 -1 -1 -1 -1 -1 -1 -1 
-1 -1 -1 -1 -1 -1 -1 -1 -1 -1 -1 -1 -1 -1 -1 -1 -1 -1 -1 -1 -1 -1 -1 -1 -1 -1 -1 -1 -1 -1 -1 -1 -1 -1 -1 -1 -1 -1 -1 -1 -1 -1 
-1 -1 -1 -1 -1 -1 -1 -1 -1 -1 -1 -1 -1 -1 -1 -1 -1 -1 -1 -1 -1 -1 -1 -1 -1 -1 -1 -1 -1 -1 -1 -1 -1 -1 -1 -1 -1 -1 -1 -1 -1 -1 
284 420 314 433 330 454 343 475 356 491 297 483 303 516 306 538 308 555 275 483 264 519 257 543 250 560 257 476 241 510 230 532 220 551 244 466 224 488 212 502 203 515 
282 414 311 435 328 461 341 485 356 501 295 489 303 525 308 547 313 565 273 488 263 528 255 551 249 569 256 482 240 517 230 539 221 558 243 471 223 494 212 509 203 521 
282 420 310 441 326 467 339 492 354 508 294 496 301 532 305 554 309 573 272 495 261 535 253 558 246 576 255 489 238 524 226 547 217 565 243 478 222 501 210 516 200 529 
281 427 309 448 324 475 337 500 353 516 294 502 298 539 300 562 300 581 273 501 259 542 250 567 240 586 256 495 237 531 224 554 213 572 244 485 222 509 209 523 199 535 
282 434 309 455 325 483 337 508 352 526 295 511 298 547 299 570 300 589 274 509 259 550 248 575 237 595 257 503 238 539 224 563 212 582 245 492 224 517 211 531 200 543 
283 443 310 465 326 492 339 518 354 536 295 520 298 556 300 579 301 597 274 519 260 559 249 584 240 604 257 512 238 548 224 570 213 589 245 501 225 525 212 540 202 551 
285 449 312 472 327 501 339 528 354 547 296 528 299 563 300 585 301 604 276 526 262 566 253 591 245 610 260 519 241 555 227 578 216 597 249 508 228 532 214 546 203 558 
292 457 319 481 333 509 344 537 357 557 299 532 299 567 299 589 299 606 278 530 264 571 254 595 247 615 262 522 242 559 229 582 218 601 251 510 229 535 216 549 205 561 
294 458 320 483 334 511 344 539 357 558 299 534 299 569 299 592 299 610 278 530 263 569 252 593 244 612 263 522 242 557 228 579 217 598 251 510 229 533 216 547 206 559 
292 458 319 480 333 508 343 535 356 553 298 532 298 566 297 587 297 603 278 530 261 567 250 590 241 608 262 522 240 555 226 577 214 595 251 510 228 532 214 545 203 557 
293 455 320 474 335 499 347 524 360 541 299 522 301 556 301 577 300 594 278 520 264 557 253 581 244 599 262 512 242 545 228 567 217 586 250 502 228 523 214 537 203 549 
295 447 321 471 336 498 347 524 361 541 300 521 302 555 303 575 304 592 281 518 266 556 255 579 247 597 265 510 244 542 230 564 218 582 254 498 232 519 218 532 206 543 
295 446 321 469 336 496 348 523 362 540 301 519 304 553 305 573 307 589 281 517 267 554 257 577 250 594 265 509 245 541 231 562 220 579 254 497 232 517 218 530 206 541 
294 445 320 468 335 496 347 522 361 540 301 519 304 553 305 573 307 589 280 516 267 554 258 577 250 595 265 508 245 542 232 563 222 580 253 496 232 517 218 530 207 541 
293 445 319 468 334 495 346 522 361 540 300 520 304 554 305 574 308 590 279 517 267 556 258 579 251 596 264 509 245 543 232 565 222 582 252 497 231 518 218 531 207 542 
292 449 319 471 334 497 346 523 360 540 299 521 303 556 304 576 306 593 278 519 266 558 258 580 251 598 262 511 244 545 231 567 221 584 251 499 229 520 216 533 205 543 
291 449 318 472 333 499 346 525 360 543 299 523 302 558 303 579 305 595 277 520 265 559 256 583 250 601 261 513 242 548 230 569 220 587 249 501 227 523 214 536 204 547 
291 449 318 473 333 500 346 527 360 545 299 523 302 559 303 580 305 597 277 520 265 560 256 584 249 603 261 513 242 548 229 570 220 588 249 501 227 523 214 537 204 548 
291 449 317 473 333 501 345 528 359 546 298 524 302 560 303 581 306 598 277 521 265 561 256 585 250 604 260 513 242 549 229 571 220 589 249 501 227 523 214 537 204 548 
290 450 317 473 332 501 345 527 359 545 297 525 301 560 303 582 306 599 276 523 263 563 254 587 247 606 259 515 241 551 228 573 219 592 248 503 226 525 213 538 204 549 
290 450 317 473 332 500 344 527 358 544 298 524 301 560 303 581 306 599 277 522 264 562 254 586 248 605 260 514 242 550 228 572 219 591 248 502 226 524 213 537 202 549 
289 450 316 473 331 499 342 526 356 544 296 523 299 559 300 580 302 597 275 521 262 561 252 585 246 604 258 514 240 549 227 571 218 590 247 502 225 524 212 537 201 548 
290 449 316 472 331 498 342 525 356 542 296 522 299 559 300 582 303 600 275 519 261 560 252 585 247 605 259 512 240 548 227 571 218 590 247 500 225 522 211 535 201 547 
289 448 315 470 330 498 341 524 355 541 296 521 298 559 300 582 302 600 275 518 261 558 253 583 247 602 258 510 239 546 226 569 217 588 247 499 224 521 211 534 201 546 
289 448 315 471 329 498 340 524 354 541 295 521 297 557 298 578 301 596 273 518 260 558 251 582 246 601 257 511 239 546 226 569 218 588 245 499 223 520 210 534 199 545 
287 447 313 470 328 497 339 523 353 540 293 521 296 556 298 578 301 596 272 518 259 558 250 582 245 601 255 511 237 546 225 568 217 587 244 499 222 520 209 533 199 545 
286 447 312 470 327 497 338 523 352 540 293 520 295 556 297 578 299 596 271 518 258 557 250 582 244 600 255 510 237 546 225 568 216 588 243 498 221 520 208 533 198 545 
284 448 310 471 325 497 336 524 351 541 291 522 293 557 294 578 296 595 269 519 256 559 247 583 242 602 253 511 235 547 223 570 215 589 241 499 219 521 206 534 196 546 
283 448 310 471 325 497 336 524 350 541 289 521 292 557 293 578 296 596 268 519 255 559 247 583 241 602 252 511 234 547 222 570 214 590 240 498 218 520 205 534 195 546 
282 448 308 471 324 497 335 523 350 540 289 522 292 557 293 579 296 596 267 519 255 559 247 584 241 602 251 511 233 548 222 570 214 590 239 499 217 522 205 535 195 547 
282 447 308 471 324 497 336 523 351 540 290 521 293 558 295 579 297 597 269 519 256 559 248 583 242 602 252 511 234 547 222 570 214 590 239 499 218 521 205 535 196 548 
282 448 309 472 325 499 336 525 350 543 290 521 293 557 294 579 297 597 268 518 256 559 247 584 242 604 252 510 234 547 223 571 215 591 240 498 218 521 206 536 196 548 
283 448 310 471 325 498 337 524 351 541 291 522 294 558 296 580 300 598 269 520 257 560 250 584 245 604 253 512 236 548 224 571 216 590 241 500 220 522 207 537 198 550 
284 448 311 470 327 497 340 523 354 539 294 521 297 559 299 581 302 599 272 518 260 560 252 585 247 604 255 511 238 547 227 571 219 590 242 499 222 523 210 537 201 550 
285 447 312 470 328 497 339 524 354 541 294 520 297 557 299 580 302 597 272 518 260 559 252 585 247 605 256 510 238 547 226 571 218 591 244 498 222 522 209 536 199 549 
286 448 312 471 328 497 340 522 355 539 295 520 299 557 301 580 304 598 273 518 261 559 253 584 249 603 256 511 239 547 228 570 220 590 244 499 223 522 210 536 201 549 
286 448 312 470 328 497 340 523 355 539 295 520 299 557 300 580 303 598 273 518 261 559 253 584 249 603 256 510 239 547 228 570 220 590 244 499 223 522 211 536 201 549 
286 446 313 469 329 496 341 523 355 539 295 520 299 557 301 580 303 598 274 518 262 558 254 583 249 603 257 510 239 546 228 569 220 589 244 498 223 521 211 535 201 548 
285 447 312 470 328 497 340 523 354 540 294 521 298 557 299 579 302 596 272 518 261 559 253 584 248 603 255 510 239 548 228 571 220 591 243 498 222 521 210 535 200 548 
285 447 312 470 328 497 340 523 354 540 293 521 298 557 300 578 303 596 272 518 260 559 253 583 248 602 255 510 239 547 228 571 220 590 243 498 222 521 209 536 199 548 
283 446 310 469 326 495 338 521 352 537 292 519 296 555 298 577 300 594 270 517 258 557 249 582 243 601 253 510 236 546 223 568 214 587 240 499 219 521 206 535 195 547 
280 444 307 467 323 493 335 518 349 534 289 518 293 555 294 576 296 593 268 516 256 556 247 581 241 600 251 509 233 544 220 567 211 585 238 497 217 520 203 534 193 547 
278 443 304 466 321 492 333 517 347 532 287 518 290 554 290 575 291 592 265 516 252 555 244 580 238 599 247 509 229 543 216 565 207 584 234 497 213 519 199 533 189 546 
275 441 301 463 317 489 329 514 345 529 284 515 287 551 287 573 287 591 261 513 249 553 239 578 233 598 244 505 225 540 212 563 203 582 231 494 209 516 195 531 185 544 
268 435 295 458 310 484 321 509 335 524 276 509 279 545 278 567 278 585 253 507 239 547 230 571 221 591 235 500 216 536 204 558 194 577 223 490 200 513 187 528 175 541 
266 433 292 456 307 482 318 507 331 522 272 506 274 542 273 565 272 583 250 504 235 544 225 569 216 589 232 497 213 533 199 556 188 575 220 487 197 509 183 524 171 537 
262 431 288 454 303 480 314 504 328 519 267 504 269 540 268 562 267 581 245 502 230 542 220 566 212 586 228 496 208 530 195 553 184 572 216 485 193 507 180 521 168 534 
259 430 285 452 300 478 310 503 324 518 264 503 264 539 264 560 264 578 241 501 226 540 215 565 207 584 224 494 204 528 191 551 180 571 213 483 190 504 176 519 164 532 
256 429 283 450 297 476 308 500 321 516 260 501 261 537 261 559 261 577 237 499 222 539 211 563 203 583 221 492 200 527 186 550 176 570 209 481 186 503 172 518 161 531 
254 428 281 449 295 475 306 499 319 514 258 501 258 537 258 558 258 576 235 499 219 538 208 563 200 583 218 492 197 527 184 550 173 569 207 481 184 502 170 517 159 531 
252 427 279 448 293 473 303 498 316 513 255 500 256 536 255 558 255 575 233 497 216 537 205 562 197 582 216 490 194 525 180 548 169 568 205 479 181 501 167 516 156 529 
248 425 275 446 290 471 300 495 313 511 252 497 252 534 251 556 251 573 229 495 212 535 201 560 192 580 212 488 190 523 175 546 164 566 200 476 177 498 162 513 150 527 
247 423 274 445 289 471 299 495 313 511 250 496 251 534 250 556 249 573 227 494 211 535 199 560 190 580 210 486 188 522 174 546 163 566 200 475 176 498 162 513 151 526 
247 423 274 444 288 469 298 494 310 510 249 495 250 533 249 555 249 572 227 493 210 534 198 560 190 579 210 486 188 522 174 545 162 565 199 474 175 497 161 512 150 525 
246 422 273 444 288 469 298 494 310 510 249 494 249 532 248 554 248 572 226 492 209 533 197 559 189 578 209 485 187 521 173 544 161 564 198 474 174 497 160 512 149 526 
246 422 273 444 287 469 298 493 310 509 248 494 248 532 248 554 248 572 225 492 208 532 197 558 188 578 208 485 186 520 171 544 160 564 197 474 173 496 159 512 148 525 
247 422 273 444 288 468 298 493 309 509 248 494 248 532 248 554 249 572 225 492 209 533 197 558 189 578 208 484 187 520 172 544 161 564 198 473 174 495 160 511 149 524 
246 422 273 443 288 468 298 493 309 509 248 494 249 531 248 554 249 572 225 492 209 533 197 559 189 578 208 484 187 520 172 544 161 564 197 473 174 496 160 511 149 525 
248 423 275 445 290 470 300 495 312 511 251 495 251 533 251 556 252 573 227 493 211 534 200 560 192 579 210 485 189 521 175 544 164 564 199 473 176 496 162 511 151 525 
248 422 275 444 290 469 300 494 313 510 251 495 252 533 252 556 253 574 228 493 212 534 201 560 193 580 211 485 190 522 175 545 164 565 200 474 176 497 162 513 152 526 
249 423 276 445 291 470 302 495 313 511 252 495 253 533 253 556 254 574 229 493 213 535 202 561 194 580 212 486 191 522 177 546 166 566 201 475 177 498 163 513 152 527 
250 424 277 446 292 470 303 495 314 510 253 497 254 535 254 557 256 575 229 494 214 536 203 562 195 581 212 487 192 523 177 547 167 567 201 476 178 498 164 514 153 527 
250 424 277 446 292 470 303 495 315 510 254 496 255 534 255 557 256 575 230 494 215 535 204 561 196 581 213 487 193 523 178 547 168 567 202 476 179 499 165 514 155 528 
251 424 277 445 293 470 304 494 316 510 254 496 255 534 255 557 257 576 231 494 215 536 204 562 197 581 214 487 193 524 179 548 169 568 203 476 179 499 165 515 155 528 
251 424 278 445 293 470 304 495 316 511 254 496 255 535 255 557 257 576 231 494 215 536 204 562 197 582 214 487 193 524 179 548 168 568 203 476 180 499 166 515 155 528 
250 425 277 446 293 470 304 495 316 510 254 497 255 535 255 557 257 576 231 495 215 536 204 562 197 582 213 488 193 524 179 548 168 568 202 478 179 500 165 516 155 529 
250 425 278 446 293 470 303 494 315 510 254 496 255 534 255 557 256 575 230 495 215 536 204 562 196 581 213 488 193 524 178 548 167 568 202 477 179 500 165 516 155 529 
250 425 277 445 292 470 303 494 316 510 253 497 254 535 255 558 256 576 230 496 214 537 204 563 196 582 213 489 192 525 179 549 168 568 202 477 179 500 165 515 155 528 
250 425 277 446 292 471 303 495 316 510 253 498 254 535 255 557 256 576 230 496 214 537 203 562 196 582 213 489 192 525 178 548 167 568 202 478 179 500 165 515 154 529 
250 425 277 445 292 470 302 494 315 509 253 497 254 535 254 557 255 576 230 496 214 537 203 563 195 582 213 489 192 525 178 548 167 568 202 477 179 500 165 515 155 529 
250 425 277 446 292 470 303 495 315 510 253 497 254 535 254 558 255 576 230 495 214 536 203 562 194 582 213 488 192 524 177 548 166 568 201 477 178 500 165 515 154 529 
250 425 277 446 292 470 303 493 315 508 252 498 254 535 253 557 254 575 229 496 213 537 202 563 194 582 212 489 191 525 178 549 167 569 201 478 178 501 165 516 154 530 
249 425 277 445 292 468 302 492 315 507 252 497 254 535 253 557 254 575 229 496 213 537 203 563 195 582 212 489 192 525 178 549 167 568 201 478 179 501 165 517 155 530 
249 425 276 445 292 468 303 491 315 506 252 496 254 534 254 557 255 575 229 494 213 536 203 562 195 582 212 488 192 524 179 549 168 569 202 478 180 502 166 517 157 531 
249 426 276 445 292 467 302 490 315 505 253 496 254 534 254 556 256 574 230 495 214 537 204 563 197 583 213 489 194 526 181 550 172 570 203 479 180 503 168 518 158 532 
249 426 276 444 291 466 303 488 315 503 253 495 254 532 254 555 255 573 231 494 215 536 205 563 197 583 214 488 195 525 182 550 173 570 204 479 182 503 170 519 161 533 
248 425 275 442 291 463 302 485 315 500 254 494 255 531 255 554 256 572 232 493 216 535 206 563 199 584 215 487 196 525 185 551 177 572 205 479 184 504 172 520 164 534 
249 424 276 441 291 462 303 483 315 497 255 493 255 531 255 553 256 571 233 493 217 534 207 562 200 583 217 488 198 525 187 551 179 572 207 479 187 505 176 521 168 535 
249 424 276 439 291 459 302 480 315 494 255 492 255 530 256 552 256 570 233 492 218 534 210 563 203 584 217 488 199 526 189 552 182 574 208 480 189 507 179 524 172 539 
249 424 277 437 292 456 303 477 316 490 255 491 257 528 259 551 260 567 233 492 221 535 213 564 207 585 219 488 203 526 195 552 190 572 212 481 195 509 187 527 181 542 
249 423 277 436 291 455 303 476 315 489 255 490 257 528 258 550 258 568 234 491 222 535 214 564 208 585 220 488 204 527 197 553 192 573 212 482 195 511 188 528 182 544 
249 422 277 435 292 454 303 475 316 488 256 488 259 526 260 549 260 567 235 489 223 534 216 563 210 584 221 486 206 526 199 552 193 572 213 481 197 510 190 528 184 543 
250 421 278 435 292 454 303 474 315 487 257 488 259 527 259 549 259 567 236 490 224 535 217 563 211 584 222 487 207 526 200 552 195 573 214 481 198 510 191 528 186 543 
250 421 278 434 292 453 303 474 315 487 257 488 259 526 260 549 260 567 236 490 224 534 217 563 211 584 222 487 208 526 201 552 196 572 215 482 199 510 192 528 187 543 
250 420 278 434 292 453 303 473 314 487 256 488 259 526 260 549 260 567 236 490 224 535 218 563 212 585 222 487 208 526 201 552 196 572 216 482 201 510 194 528 189 542 
250 419 278 433 292 453 303 473 314 486 257 487 259 526 260 548 261 566 236 489 224 534 217 562 211 584 223 486 209 525 201 550 196 570 217 480 202 509 195 526 190 541 
250 418 277 431 291 451 300 472 311 485 257 487 259 525 260 547 260 565 236 489 225 534 218 563 212 585 224 487 210 526 203 551 197 571 218 482 203 511 197 528 192 542 
250 418 277 431 290 451 300 471 310 483 257 488 259 526 260 547 261 565 237 490 225 535 219 563 212 585 225 487 210 526 203 550 197 570 219 482 205 510 199 527 194 541 
250 418 277 431 290 451 299 470 309 483 257 487 259 525 261 547 261 565 237 490 226 535 220 564 214 586 225 487 211 526 204 551 199 571 219 482 206 510 200 528 196 542 
249 418 276 430 289 450 298 470 309 482 257 487 259 525 261 547 262 564 237 490 226 535 220 564 214 586 226 487 212 526 205 551 199 570 221 482 207 511 202 529 198 543 
249 417 276 430 287 450 296 468 307 480 255 487 258 524 261 546 263 563 237 490 226 535 220 564 215 586 226 488 213 526 206 551 201 570 222 483 209 512 204 530 200 544 
249 416 274 429 286 449 294 468 305 478 255 487 258 524 260 545 262 563 237 490 227 534 221 563 217 586 228 488 214 525 208 549 203 569 224 483 211 511 205 529 201 543 
249 415 274 428 285 448 293 466 302 477 255 485 257 521 260 542 262 560 238 489 228 533 224 562 220 585 229 488 217 526 211 551 207 571 226 484 214 512 209 531 204 547 
248 414 273 427 283 448 292 466 302 477 255 484 257 519 259 540 261 559 239 488 230 532 226 561 222 585 230 487 219 526 213 550 209 571 227 483 216 512 211 530 206 546 
249 415 273 429 283 449 291 467 301 476 255 487 256 521 259 542 260 560 239 490 230 533 225 561 222 585 231 489 218 526 212 551 207 571 227 484 217 512 212 530 207 546 
248 416 273 429 283 448 291 466 301 477 255 486 257 520 260 541 262 558 239 491 230 533 226 561 222 585 230 490 218 527 213 551 208 571 226 485 216 514 211 532 207 548 
249 416 273 429 284 448 292 467 303 478 255 486 257 522 260 543 261 562 238 489 229 533 224 562 219 585 229 488 217 526 210 551 205 570 225 483 213 512 208 530 203 545 
249 417 275 430 287 450 296 470 308 482 256 487 259 524 262 545 263 562 237 490 227 535 222 564 217 586 226 488 213 526 206 551 202 570 221 482 208 511 203 529 200 543 
249 416 277 430 291 450 302 471 313 484 257 485 260 524 262 546 263 565 237 488 227 535 222 564 216 586 224 486 211 526 205 552 199 572 218 481 204 511 198 528 194 543 
251 419 280 434 296 455 309 476 321 489 261 490 265 528 267 551 269 569 239 491 229 536 223 565 218 586 224 487 209 527 202 553 196 573 215 481 199 509 190 527 185 543 
252 420 282 436 298 457 311 479 324 492 264 491 268 529 271 551 273 569 241 493 230 536 224 565 219 586 225 488 210 527 201 553 195 575 215 480 197 507 187 525 180 541 
253 420 283 437 300 459 313 481 327 495 265 492 270 529 272 552 275 571 242 493 232 536 225 565 220 586 225 488 210 528 201 554 194 575 213 480 195 507 184 524 177 539 
253 422 283 439 301 461 315 484 328 498 266 493 271 531 274 554 278 572 242 495 232 538 226 566 221 587 225 490 210 529 201 555 195 576 213 481 194 507 183 524 175 539 
254 424 284 441 302 463 316 486 330 500 267 495 273 533 276 556 280 574 244 496 234 539 227 567 222 587 226 491 211 529 202 555 195 576 213 482 194 507 183 525 175 539 
256 424 286 443 304 466 318 489 331 504 268 497 274 536 278 558 282 576 245 497 234 540 228 568 223 588 227 492 212 530 202 556 196 576 214 481 194 507 183 523 175 537 
256 423 286 443 304 467 317 491 332 506 269 498 275 536 279 559 283 577 245 498 235 541 227 568 222 588 227 492 211 530 200 556 193 576 214 481 194 507 182 523 173 536 
256 423 285 444 302 469 316 495 331 510 268 499 276 538 279 560 284 579 245 499 234 542 227 568 222 588 226 492 210 530 199 555 191 576 213 481 192 506 180 521 170 535 
256 424 284 446 302 472 315 498 329 514 268 499 275 538 278 561 283 580 244 498 234 542 226 568 221 587 226 491 209 530 197 555 189 575 212 480 191 504 178 520 167 533 
255 424 282 447 300 474 313 501 327 517 267 500 274 539 277 562 281 581 243 498 233 542 225 568 219 587 225 491 208 530 196 554 187 575 211 479 189 503 175 518 164 532 
254 424 281 449 298 477 311 503 325 520 265 500 272 540 275 563 277 582 242 498 231 541 223 567 217 586 223 490 206 528 193 552 184 572 209 478 187 502 172 516 161 529 
252 421 278 448 294 477 306 504 319 521 261 499 268 540 270 563 273 583 238 496 228 539 220 565 214 584 219 488 202 526 189 549 180 569 205 475 182 498 168 513 156 526 
251 420 276 448 292 477 304 505 317 522 261 498 267 539 269 563 271 582 238 494 227 538 219 564 213 583 219 486 201 523 188 547 178 566 205 473 182 495 167 509 156 522 
251 419 276 447 291 477 302 505 314 523 260 497 265 538 267 562 270 581 237 494 226 537 218 562 212 582 218 484 200 522 187 545 177 564 204 471 181 493 166 507 154 519 
248 419 273 447 287 477 298 506 310 523 258 496 264 537 266 561 269 582 235 492 225 535 217 561 211 581 216 483 199 520 186 543 177 562 201 469 179 491 165 504 153 517 
247 418 271 446 284 477 295 506 307 524 257 495 263 537 264 561 266 581 235 491 224 534 216 560 211 579 216 481 198 518 185 541 176 560 201 467 178 490 164 502 152 513 
246 418 270 446 282 478 291 506 302 524 257 494 261 536 263 560 265 581 235 489 223 532 215 558 209 577 215 479 197 516 185 539 176 557 201 465 177 487 163 498 152 509 
244 417 265 446 277 477 286 505 295 524 255 491 259 534 261 558 264 579 234 486 223 530 216 556 210 576 215 476 197 513 186 536 178 554 200 462 178 484 164 495 153 505 
244 418 265 447 276 478 283 506 290 524 254 491 258 535 260 559 262 579 234 485 224 529 217 555 211 575 215 475 199 513 188 536 181 553 201 462 179 483 166 493 155 502 
243 418 265 447 275 478 281 505 288 524 254 490 258 533 260 558 262 578 234 485 225 528 218 555 212 575 216 475 200 512 190 535 182 553 202 462 180 483 168 493 158 502 
244 418 265 447 275 478 280 505 287 523 255 489 259 532 261 557 263 578 236 484 227 528 220 554 214 574 218 474 202 511 192 535 184 553 203 462 181 482 169 492 159 500 
244 419 264 447 273 478 278 506 285 523 257 490 260 533 261 558 263 579 238 485 229 528 222 554 215 574 220 475 204 512 194 534 186 552 205 462 183 482 171 491 161 499 
244 418 264 447 273 478 277 505 283 524 258 489 260 533 261 559 263 580 240 484 233 527 225 553 219 575 222 474 207 510 197 533 189 552 208 461 186 481 174 491 165 499 
246 417 264 446 273 477 277 506 282 525 260 488 263 533 264 559 267 579 243 483 238 527 232 553 225 575 227 472 213 510 203 533 196 551 212 458 192 481 181 491 172 499 
247 416 266 446 274 477 279 505 283 525 262 489 265 534 266 560 269 580 245 483 240 528 233 554 227 574 228 473 215 511 204 534 197 552 214 459 194 482 182 492 174 499 
249 414 266 446 274 476 279 505 283 525 263 487 266 533 268 559 270 580 247 482 241 527 235 553 228 574 230 472 216 511 206 534 198 551 215 458 195 482 184 492 176 499 
250 414 267 445 276 477 280 506 285 525 264 488 267 534 269 560 272 581 248 482 242 528 236 554 230 574 232 471 217 511 207 535 200 553 217 458 197 481 185 491 176 499 
251 414 268 446 276 477 281 506 285 526 265 488 269 534 270 560 273 581 249 483 244 529 238 555 232 575 233 472 218 512 207 535 200 554 218 459 197 482 186 492 177 500 
252 414 269 446 277 477 282 506 286 526 265 488 269 534 271 560 274 580 250 482 245 529 239 556 234 576 234 472 220 512 209 536 202 555 220 458 199 482 187 493 178 501 
253 413 269 445 277 477 282 506 287 526 266 488 270 534 272 560 274 581 251 483 246 529 240 556 234 577 235 473 220 513 209 536 202 555 220 459 200 483 188 493 179 502 
252 415 272 446 282 477 288 506 294 524 267 490 272 536 275 561 277 581 250 485 244 532 237 558 232 577 232 476 218 516 208 539 201 557 217 463 196 486 185 496 176 505 
253 415 274 445 285 477 291 505 298 523 267 491 274 536 277 561 280 580 249 487 243 533 238 559 233 579 231 478 217 517 208 540 201 558 217 465 195 488 183 498 174 506 
253 416 275 446 286 477 292 506 299 523 268 491 274 536 277 561 281 580 250 487 243 533 238 559 233 580 232 478 218 517 209 540 202 558 217 465 196 488 183 498 174 507 
254 416 275 445 286 477 293 505 300 522 269 491 275 535 278 560 281 580 250 487 244 533 238 560 234 580 232 478 219 517 209 541 202 559 217 465 196 488 184 499 174 507 
254 417 276 445 288 476 294 505 302 522 269 491 275 535 279 560 282 579 250 487 243 533 238 560 234 580 231 478 218 518 209 541 202 560 216 466 195 489 183 499 173 508 
254 419 276 446 288 477 296 505 304 521 269 491 276 536 279 560 283 580 249 488 243 534 238 560 233 581 231 479 218 519 209 543 202 561 216 467 195 490 182 500 172 508 
252 419 276 446 289 476 298 503 307 520 268 491 276 534 280 559 284 579 248 488 242 533 238 561 234 581 229 480 217 519 208 543 202 561 214 468 193 491 181 502 172 510 
252 419 277 445 290 475 299 503 308 520 268 491 276 534 280 558 284 578 247 488 241 532 236 559 232 580 228 480 215 518 205 542 199 560 213 468 192 490 180 502 171 511 
253 419 276 445 290 475 300 503 310 520 267 490 276 533 279 557 283 578 246 487 240 532 235 559 231 580 227 478 214 517 205 542 198 561 212 466 191 489 179 501 168 511 
253 419 276 446 290 476 300 503 311 519 267 491 275 533 278 557 282 578 246 487 239 531 233 558 229 579 227 479 213 517 204 541 196 559 212 466 191 488 178 500 167 511 
251 419 275 445 289 475 299 502 311 518 267 490 275 532 278 557 282 577 245 487 238 531 233 558 228 580 226 478 212 517 202 541 195 559 210 466 190 489 177 501 166 512 
251 419 275 445 289 475 299 501 310 518 267 491 274 533 277 557 281 578 245 487 237 531 232 559 227 580 225 479 210 516 200 541 193 559 210 466 189 489 176 501 164 512 
250 419 276 444 290 473 301 500 313 517 265 490 274 532 277 557 281 577 243 488 235 531 230 559 226 580 222 479 208 518 198 542 191 561 207 467 186 490 173 503 161 515 
250 418 276 443 292 472 304 499 316 516 265 491 274 533 277 557 281 577 242 489 235 532 229 560 225 580 222 480 207 518 197 543 189 563 206 468 185 491 171 504 159 517 
250 416 276 441 292 470 305 497 319 514 265 491 274 533 277 558 281 578 241 489 234 534 227 560 223 580 221 481 205 520 194 544 186 563 206 469 184 492 170 506 159 518 
249 415 276 440 293 469 305 496 319 513 265 490 273 533 277 557 281 577 241 488 233 533 226 560 222 580 221 480 205 519 194 544 185 564 205 468 184 492 170 506 159 518 
249 414 276 440 292 469 305 496 320 513 264 490 273 532 277 557 281 578 240 488 232 533 226 560 221 580 220 481 204 520 193 544 184 564 205 469 183 492 169 506 158 518 
248 414 276 440 293 469 305 496 320 513 264 491 273 533 276 557 280 578 240 489 232 534 225 560 221 580 220 481 204 520 193 544 184 564 205 469 183 492 169 506 158 518 
248 414 275 440 292 469 305 496 320 513 263 490 273 533 276 557 280 577 239 489 231 534 224 560 220 580 219 481 204 520 192 545 184 564 204 469 182 493 168 507 157 519 
247 414 275 440 292 468 306 495 320 512 263 491 272 533 276 557 280 577 239 489 231 534 224 561 219 581 219 482 203 521 192 546 184 565 203 470 182 493 168 507 157 519 
247 414 275 439 293 468 306 495 321 512 263 491 272 533 276 557 280 577 239 489 231 534 224 561 219 581 219 481 204 521 192 546 184 565 204 469 182 493 168 507 157 520 
247 414 275 439 293 467 306 494 321 511 262 490 272 533 277 557 281 578 239 489 230 535 224 562 219 581 219 482 203 522 192 547 184 566 204 470 182 494 168 508 157 521 
247 414 275 439 293 467 307 494 322 511 263 491 272 533 276 557 281 577 239 490 230 536 224 562 219 581 219 483 203 522 192 547 184 567 203 471 182 495 168 509 158 522 
246 415 275 439 294 467 307 494 322 510 262 492 272 534 276 558 281 577 238 491 230 536 223 563 219 582 219 483 203 523 192 548 185 567 203 471 182 495 168 510 158 522 
247 415 276 439 294 467 307 494 323 510 262 491 272 533 276 557 281 577 238 490 230 536 223 563 219 582 218 483 204 523 192 548 185 568 203 471 182 496 169 511 158 524 
247 415 276 440 294 467 308 494 324 510 262 492 271 534 275 558 280 577 238 491 229 536 222 563 218 583 218 484 203 523 192 548 184 568 203 471 182 496 169 511 158 524 
246 415 276 439 294 467 308 493 323 509 262 492 270 533 275 557 280 575 237 491 229 536 222 563 217 583 218 484 203 523 192 549 183 569 203 472 182 497 168 512 157 526 
246 414 275 438 294 466 308 492 324 508 261 492 270 533 274 557 280 575 237 491 227 537 220 563 216 583 217 484 202 524 191 549 183 570 202 472 181 497 168 513 157 526 
246 414 275 438 293 465 307 492 323 508 260 492 269 533 273 557 279 575 236 492 227 537 220 563 216 583 216 485 201 524 190 549 182 570 201 473 181 498 167 513 157 527 
246 414 275 438 293 465 307 492 322 507 260 492 269 533 272 557 277 575 236 492 226 537 219 563 215 583 216 485 201 524 190 550 182 570 201 473 180 498 167 514 157 527 
245 414 274 438 293 465 307 491 322 507 259 493 268 534 272 557 277 575 234 492 225 537 218 564 214 583 215 485 200 525 189 550 181 571 200 473 179 498 166 514 156 527 
243 414 273 438 292 465 306 491 322 506 258 493 267 533 271 556 276 575 234 492 224 537 217 563 213 583 214 485 199 525 188 550 180 570 199 473 179 499 166 514 156 528 
243 414 272 438 291 465 305 491 320 506 257 493 265 533 269 556 275 574 233 492 223 537 216 563 212 583 213 485 198 525 186 550 179 571 198 473 178 499 165 514 155 528 
243 415 272 438 291 465 305 491 320 506 257 493 265 534 269 557 274 575 232 492 223 537 216 563 211 583 213 485 198 525 187 550 180 571 198 473 178 499 165 514 156 528 
243 415 272 438 291 465 305 490 320 505 256 493 265 533 269 557 274 575 232 492 223 537 215 564 211 584 213 485 198 525 186 550 179 571 199 473 178 499 165 514 155 528 
243 415 272 438 290 465 305 490 320 505 256 493 264 533 269 557 274 575 232 492 222 537 215 563 210 584 213 485 197 524 186 549 179 570 198 473 177 498 165 514 155 528 
242 415 272 438 291 464 305 490 320 505 256 493 264 534 268 557 274 575 232 492 222 537 215 564 211 584 212 485 197 524 186 550 178 571 198 473 177 499 165 515 155 529 
243 415 272 438 291 464 306 489 321 503 256 494 264 534 268 557 274 575 232 493 222 538 215 564 211 584 213 486 198 525 187 550 179 571 198 474 178 499 165 515 155 529 
242 415 272 437 291 464 306 489 321 503 256 493 265 533 269 557 274 575 232 493 222 537 215 564 211 584 213 486 197 525 186 551 179 571 198 474 178 499 165 515 155 529 
243 415 273 438 292 464 306 489 322 503 257 494 265 534 269 557 274 575 232 493 223 538 215 565 211 584 213 486 198 526 187 551 179 572 199 474 178 500 165 515 156 529 
243 416 272 438 291 464 306 489 322 503 256 494 265 534 269 557 274 575 232 494 223 538 216 564 212 584 213 487 198 526 187 551 180 572 199 475 178 500 165 516 156 530 
243 416 272 438 291 464 306 490 321 504 257 494 265 534 269 557 274 575 233 493 223 538 216 564 212 584 214 486 199 526 188 551 181 572 200 474 179 500 166 516 156 530 
243 416 272 439 291 465 305 491 319 507 257 493 264 534 268 557 273 576 233 493 223 537 216 564 213 584 213 486 199 526 189 552 183 573 199 475 179 501 167 517 158 532 
243 417 272 440 291 467 304 493 318 508 257 494 264 534 267 557 271 576 233 492 223 537 216 564 213 584 214 485 199 526 190 551 183 572 199 474 180 501 168 517 159 531 
243 418 273 441 291 467 303 494 317 511 257 493 263 533 266 557 270 576 232 492 223 537 217 564 213 585 213 485 199 526 189 551 183 572 198 475 179 501 167 517 159 532 
243 418 272 441 290 469 302 496 316 512 258 494 263 534 265 558 268 576 234 492 224 537 217 564 213 584 214 485 199 525 190 550 183 571 200 473 180 501 169 517 161 532 
243 418 273 441 290 468 302 496 314 513 258 492 262 533 263 557 266 577 233 491 224 536 217 564 214 584 214 484 200 525 190 550 184 571 200 473 180 501 170 518 162 533 
243 419 273 442 290 468 301 495 313 514 258 492 261 533 261 557 261 576 234 490 225 536 218 564 214 584 215 484 201 524 192 550 186 570 201 473 183 503 174 521 167 537 
243 420 273 442 290 467 302 495 314 514 259 491 261 532 260 556 261 576 235 490 226 535 219 564 215 584 216 483 202 524 193 550 187 571 202 473 185 504 176 522 170 537 
243 421 273 443 291 468 301 495 314 514 259 491 260 532 260 556 259 575 235 490 226 535 220 564 215 585 216 484 203 525 195 552 189 572 202 474 186 505 177 523 171 539 
244 422 275 443 292 468 302 496 314 514 259 492 260 532 259 556 258 575 235 490 227 536 220 564 216 585 217 484 204 525 196 551 190 572 202 474 187 505 179 523 173 539 
245 423 275 444 292 469 303 496 315 514 260 493 260 533 258 557 257 576 236 491 227 536 220 564 216 585 218 485 204 526 196 552 190 572 203 475 188 505 180 523 174 538 
245 424 275 444 292 469 303 496 315 514 260 493 261 533 259 557 258 576 237 492 228 537 221 565 216 586 218 485 205 526 197 552 191 572 204 475 188 505 180 524 174 539 
245 424 276 445 292 469 303 496 314 515 260 495 261 534 260 557 259 576 237 494 228 538 222 566 217 586 218 487 205 527 196 553 190 573 204 477 188 506 179 524 173 540 
245 425 275 445 292 470 302 497 312 516 260 495 261 534 260 558 259 577 237 494 229 538 222 566 218 587 218 487 205 528 196 554 190 574 204 477 188 507 179 525 173 540 
244 425 275 444 291 469 300 497 310 517 260 494 262 534 261 558 261 577 237 493 229 538 223 567 218 588 218 487 205 528 197 554 191 574 204 477 189 507 180 525 174 541 
244 425 275 445 290 470 299 498 309 517 261 493 262 534 262 558 262 578 237 492 229 538 223 566 219 587 218 486 206 528 198 554 192 574 204 477 189 507 181 526 176 541 
244 425 275 445 290 470 298 498 307 518 260 494 262 535 262 559 262 578 237 494 229 539 223 567 219 587 218 488 206 529 199 555 194 574 204 478 189 508 182 526 176 541 
244 425 275 445 290 470 297 498 306 518 260 494 262 535 262 559 262 578 237 493 230 539 224 567 220 587 218 488 207 529 200 555 194 575 204 478 190 509 182 527 177 542 
244 425 274 445 289 471 297 499 306 518 260 494 263 535 264 559 265 578 236 494 230 539 224 567 220 588 218 488 206 529 198 554 192 574 204 478 189 508 181 526 175 541 
244 425 275 446 289 471 297 499 305 519 260 495 263 535 264 560 265 579 236 495 230 539 224 567 220 588 218 489 206 529 198 554 192 574 203 478 188 508 180 526 174 541 
244 425 275 445 289 471 296 499 305 519 260 495 263 535 264 560 265 579 236 495 230 540 224 568 219 588 218 489 205 529 197 554 191 574 203 478 188 508 180 526 173 541 
244 425 274 446 289 471 296 500 304 520 259 495 263 536 264 560 265 579 236 495 229 540 223 567 218 588 218 489 205 529 196 554 190 574 203 478 188 508 180 526 174 541 
244 425 274 446 288 471 295 500 304 520 259 495 263 536 264 560 265 580 236 495 229 540 223 568 219 589 217 489 205 529 196 554 190 574 203 478 188 509 181 526 176 542 
244 425 274 446 288 472 294 500 302 521 259 496 262 536 263 561 264 580 235 495 229 541 223 569 218 590 217 489 204 530 196 555 189 574 203 479 189 509 182 527 176 543 
244 425 273 447 287 473 293 501 300 522 258 496 261 537 262 561 264 580 235 496 228 541 222 569 218 590 217 489 204 530 195 554 189 574 203 479 189 509 181 527 176 543 
244 425 274 446 287 472 291 501 298 522 258 496 261 537 262 561 263 581 234 496 228 542 222 570 218 591 216 490 204 531 196 555 189 575 202 479 189 510 182 528 177 544 
243 424 273 446 286 472 289 501 295 523 258 496 261 537 262 562 262 581 234 496 228 543 223 571 219 592 216 489 205 531 198 556 192 576 202 479 190 511 184 529 179 545 
244 424 274 447 286 473 289 502 294 524 258 496 261 538 261 562 262 581 235 495 229 543 224 571 219 593 217 489 207 531 199 557 193 577 204 479 193 512 187 530 182 547 
243 424 273 447 286 473 289 502 293 525 258 496 260 538 261 563 261 582 234 496 228 543 222 571 218 592 216 490 207 532 200 557 194 576 203 481 194 514 190 532 187 548 
243 424 273 447 285 474 288 503 291 525 256 498 257 540 257 563 256 582 233 497 227 543 221 571 217 592 215 491 207 533 201 558 197 578 203 482 195 515 193 533 193 548 
243 424 274 447 285 473 287 502 290 525 256 497 257 540 255 563 254 582 232 497 226 544 221 571 216 592 215 492 207 534 201 559 197 578 202 484 196 516 193 534 193 549 
242 423 273 447 285 473 286 502 290 525 257 496 257 539 255 563 252 581 233 496 226 543 220 571 215 592 215 491 207 534 201 559 197 577 202 483 196 517 194 535 193 550 
243 423 274 447 285 474 286 503 290 526 256 497 256 541 254 564 251 582 233 496 225 544 219 571 215 591 215 491 207 534 201 559 197 577 203 483 196 516 194 534 194 549 
244 423 274 447 285 473 286 503 289 525 257 496 255 541 253 565 250 583 233 496 225 544 219 572 215 593 216 491 207 534 202 559 198 577 203 483 197 516 195 535 195 550 
242 422 273 445 285 472 286 502 289 525 256 496 254 540 251 564 248 582 233 495 225 543 219 571 214 592 216 491 207 533 202 558 199 576 204 483 197 517 195 535 196 549 
242 422 273 445 285 472 286 501 289 525 256 494 253 540 250 563 246 582 233 494 225 543 219 572 215 592 215 490 207 534 202 559 199 578 203 483 197 517 195 536 195 551 
242 422 272 445 284 472 285 502 287 526 257 495 252 539 248 563 244 581 233 494 225 543 220 571 215 592 216 490 208 534 203 559 200 577 204 482 197 516 196 535 196 550 
242 421 273 445 284 472 285 502 287 526 256 493 251 539 246 563 242 581 233 493 225 543 220 571 215 592 216 488 208 533 203 559 200 578 204 481 197 516 196 535 196 551 
242 421 272 445 284 471 284 501 285 526 256 492 251 539 246 563 241 581 233 492 225 542 219 571 214 592 216 488 208 533 203 559 200 577 203 482 198 516 196 536 197 551 
241 422 271 445 283 472 283 502 284 526 255 494 249 539 245 563 240 581 232 493 224 543 219 571 214 592 215 489 208 533 203 559 200 577 203 482 197 517 196 536 197 551 
241 422 272 444 283 471 282 501 283 526 255 492 249 539 244 563 239 581 232 491 224 542 219 572 214 592 215 487 208 532 203 559 200 577 203 480 198 516 197 536 197 551 
242 422 272 445 283 472 282 502 282 526 255 493 249 539 244 563 239 581 232 492 225 542 219 572 214 592 215 488 208 533 204 559 200 577 203 482 198 516 197 536 197 551 
241 422 271 445 282 472 282 502 282 526 255 493 249 539 244 564 238 581 231 492 224 543 218 572 213 592 215 488 208 533 203 560 199 578 203 482 198 517 197 537 197 551 
241 422 271 445 283 471 282 502 283 527 255 493 249 539 244 563 238 582 232 492 224 543 218 572 213 592 215 488 207 533 203 559 199 577 203 481 197 516 196 536 196 551 
241 423 272 446 283 473 283 503 284 527 255 494 250 539 245 563 240 581 232 494 224 543 218 572 213 592 215 489 207 533 201 559 197 578 202 482 196 517 194 536 194 551 
242 422 272 445 283 472 284 502 285 527 255 494 250 539 245 563 241 581 232 494 224 542 219 571 214 591 215 489 207 533 202 558 198 577 203 482 195 516 193 535 192 550 
241 422 272 446 284 472 284 502 285 526 256 494 251 539 246 563 242 581 233 494 225 542 219 571 214 592 215 489 207 532 200 558 195 577 203 481 195 515 192 534 190 549 
243 422 272 446 284 472 284 502 286 526 256 495 251 539 248 563 244 581 234 494 226 542 220 570 216 592 216 488 207 531 200 557 195 576 204 480 194 513 190 532 188 549 
243 423 272 446 284 473 284 503 286 527 256 495 252 539 248 564 244 582 234 493 226 542 220 571 215 592 217 488 207 531 200 557 194 577 204 479 194 513 189 532 186 549 
243 423 272 446 283 473 284 503 286 527 256 496 252 540 248 564 245 582 235 495 226 543 220 571 216 592 217 489 207 531 199 557 194 576 204 479 193 513 188 532 184 548 
244 423 273 447 283 473 283 503 284 527 256 495 252 539 248 563 245 582 235 494 226 542 220 571 216 592 217 488 207 531 200 557 195 577 204 478 193 512 187 532 183 548 
243 425 273 448 283 474 282 503 283 527 257 496 252 540 249 564 245 583 235 495 227 543 221 571 216 592 217 489 207 532 200 558 194 578 204 480 193 513 188 532 184 548 
243 423 273 447 283 474 282 503 283 527 257 495 252 539 249 563 245 582 235 494 227 542 221 570 216 592 217 488 208 531 200 557 195 577 204 479 194 513 189 532 186 549 
243 425 273 448 282 474 281 503 282 528 257 495 252 540 248 564 244 582 234 494 226 543 220 572 215 593 217 489 207 532 200 558 194 577 204 480 195 514 191 533 189 549 
242 424 272 446 282 472 280 502 281 527 256 494 252 539 248 564 244 582 233 494 226 543 221 572 216 593 216 489 207 532 201 558 196 578 204 481 195 515 192 534 190 550 
242 426 272 447 282 472 280 502 281 527 256 495 252 541 248 565 243 583 233 495 226 544 221 573 216 593 216 490 207 534 201 560 196 578 203 483 195 516 192 535 191 551 
242 425 272 447 281 473 279 502 280 527 256 495 252 540 248 564 243 583 233 495 226 544 221 572 216 593 216 490 208 533 202 559 197 578 204 482 196 516 193 535 192 551 
242 424 271 447 281 472 279 502 279 527 256 495 250 540 246 565 242 583 233 494 226 544 220 573 215 594 216 489 208 533 203 559 199 578 203 480 197 516 195 535 195 551 
241 426 271 448 280 474 278 504 279 529 256 496 251 541 247 566 242 584 232 495 226 545 220 574 215 594 215 490 208 534 203 560 198 579 202 483 197 517 196 537 196 552 
241 425 271 447 280 473 278 503 278 528 256 495 251 541 246 565 242 583 233 494 226 544 220 573 216 594 215 489 208 533 203 560 199 579 203 481 197 516 196 536 196 552 
241 426 271 448 280 474 278 504 278 529 256 495 250 541 246 565 241 584 232 494 225 544 220 574 215 594 215 489 208 534 202 560 198 579 203 482 197 517 195 536 195 552 
241 425 270 447 280 473 278 503 278 528 256 495 251 541 246 565 242 583 233 494 226 544 220 573 216 594 215 489 208 533 203 560 199 578 203 482 196 516 195 536 195 552 
241 425 271 448 280 474 278 504 277 528 255 495 250 541 245 565 240 584 232 494 225 544 220 573 215 594 215 489 208 533 202 560 197 578 202 481 196 516 195 536 195 552 
241 425 270 447 280 473 278 503 277 528 255 495 250 541 246 565 242 583 232 494 225 544 220 573 215 594 215 490 207 534 202 560 198 579 202 482 196 517 194 536 194 552 
241 426 270 447 280 473 278 503 277 527 255 495 250 541 246 565 241 583 232 495 225 544 219 574 214 595 215 490 207 534 201 561 196 580 202 483 195 517 193 537 193 553 
241 425 270 447 280 473 278 503 277 527 255 495 250 541 246 565 241 584 232 494 225 544 219 573 214 594 215 489 207 533 201 560 196 579 203 481 196 516 193 536 193 551 
241 425 271 448 280 474 277 504 277 528 256 495 250 541 246 565 241 583 233 494 225 544 220 573 215 594 215 489 207 533 201 559 196 579 202 481 195 516 193 535 192 552 
241 425 271 448 280 474 277 504 276 529 255 495 250 541 246 565 241 583 232 494 225 544 219 573 214 594 215 489 207 533 200 560 196 579 202 481 195 516 193 535 192 551 
241 425 271 447 279 474 277 504 277 529 255 495 250 541 245 565 240 584 232 494 224 544 219 573 214 595 214 489 206 533 200 560 195 579 202 482 195 516 193 536 192 552 
240 425 270 447 279 473 277 503 277 528 254 495 250 541 245 565 241 583 231 495 224 544 219 573 214 594 214 490 206 533 200 560 196 579 202 482 195 516 192 536 192 551 
240 425 270 447 279 473 277 503 277 528 255 495 249 541 245 565 241 583 232 494 224 544 219 573 214 594 214 489 206 533 201 559 196 578 201 481 195 516 193 535 192 551 
240 425 270 447 279 473 276 503 276 528 254 495 249 540 245 565 240 583 231 495 224 544 219 573 214 594 214 490 206 533 199 559 194 579 201 482 194 516 191 536 189 552 
241 425 270 447 279 473 276 503 276 528 255 496 250 541 246 565 241 584 232 495 225 544 220 573 215 594 214 490 205 533 199 559 194 578 201 481 193 515 189 534 187 550 
242 425 270 448 278 474 276 503 276 527 254 496 249 541 245 566 241 584 232 495 225 544 219 572 215 593 215 489 206 532 199 558 194 578 202 480 193 514 188 533 187 550 
240 425 269 447 278 473 276 503 276 527 254 496 249 541 245 565 240 583 232 496 224 544 219 572 214 593 214 490 205 533 199 558 194 577 201 481 192 515 188 534 186 550 
240 425 269 448 278 474 276 503 276 527 254 496 249 541 245 566 241 584 232 495 225 544 219 572 215 593 215 490 205 532 198 558 193 577 201 481 192 514 188 533 186 550 
240 424 269 448 278 473 276 503 276 526 255 495 251 540 247 564 243 583 232 494 226 542 221 571 217 592 215 489 205 531 198 557 192 577 201 480 191 513 186 532 183 549 
240 425 269 448 278 474 276 503 277 527 254 496 250 540 247 565 243 583 232 495 225 543 220 572 216 593 215 489 204 531 197 557 191 577 201 480 190 512 184 531 180 548 
241 426 270 449 279 475 276 504 277 527 254 498 250 541 247 565 244 584 232 497 225 544 220 572 216 593 214 491 204 532 196 557 190 577 200 481 189 513 183 532 179 548 
241 426 270 449 279 474 276 504 276 527 255 496 251 540 247 565 244 584 232 495 226 543 221 572 217 594 214 489 204 531 196 557 190 577 200 481 189 513 183 532 179 548 
240 426 269 449 278 474 276 504 277 528 255 495 251 540 248 565 244 584 233 495 226 543 221 571 217 593 215 489 204 531 196 557 190 577 200 481 189 513 183 532 178 548 
241 427 270 450 279 475 276 504 277 528 255 497 251 540 248 565 244 584 233 496 226 543 221 571 218 592 215 490 204 532 197 557 192 577 201 481 190 513 184 532 180 548 
241 428 271 450 279 475 277 504 278 528 256 496 251 541 248 566 244 584 233 495 226 543 222 572 218 593 215 490 206 532 199 558 194 577 201 481 191 514 186 533 182 549 
241 428 270 450 279 475 277 504 279 528 256 497 252 541 248 565 245 584 233 496 227 544 222 572 219 594 215 491 206 533 198 558 193 578 201 482 191 514 186 533 183 549 
241 428 270 450 279 475 277 504 279 528 256 497 252 541 248 565 245 584 234 496 228 544 223 572 220 594 216 491 206 532 199 558 194 578 202 482 191 514 185 533 182 549 
241 428 269 449 279 475 278 504 280 528 256 496 252 540 249 565 246 584 234 495 228 543 223 571 220 593 216 490 206 532 198 558 192 578 202 481 190 514 184 532 179 549 
241 429 270 450 279 476 278 505 279 528 256 498 253 541 250 565 247 584 234 498 228 544 224 572 221 594 216 492 205 533 197 558 191 578 201 483 189 514 182 532 177 548 
241 430 270 450 280 475 278 504 280 528 256 497 253 540 251 565 248 585 233 497 228 544 224 572 221 595 215 492 204 533 196 558 190 578 200 483 188 514 181 532 175 548 
241 430 270 451 279 476 278 505 279 528 256 498 255 541 254 565 252 585 233 498 228 544 225 573 222 595 214 493 203 533 195 559 189 579 200 484 187 514 180 532 174 548 
240 430 270 451 280 476 279 505 280 528 256 498 256 540 254 565 253 585 233 498 229 544 224 573 221 595 215 493 204 533 195 558 189 579 200 483 187 514 179 531 173 547 
240 430 269 451 279 476 278 505 280 529 256 498 256 541 255 566 254 585 234 498 229 544 225 573 223 595 215 493 203 533 195 559 189 579 200 483 186 514 179 531 173 548 
240 431 269 451 279 476 279 505 280 529 256 498 256 540 255 566 254 585 233 499 229 544 225 573 222 595 214 493 203 533 195 559 189 580 200 484 186 515 178 532 172 548 
240 431 269 451 280 477 280 506 281 529 256 499 257 541 256 566 256 585 234 500 229 545 226 573 223 595 215 494 203 533 195 559 189 579 200 484 186 514 178 532 172 547 
240 432 269 451 280 476 279 505 281 529 256 500 259 542 259 566 258 585 233 500 229 546 225 574 223 596 214 495 202 535 195 560 189 580 199 485 185 515 177 532 171 548 
240 432 270 451 281 477 281 506 282 529 257 500 260 542 261 566 263 585 234 501 230 546 227 574 224 596 215 496 203 535 194 560 187 580 200 486 186 515 177 532 170 547 
240 431 269 451 280 477 280 506 282 529 257 501 262 541 263 565 265 584 234 502 230 546 227 574 224 595 214 496 203 535 195 560 188 580 199 486 185 516 176 533 170 548 
240 431 270 451 282 477 283 506 284 530 257 500 262 541 265 566 267 585 234 501 231 546 227 574 224 596 214 496 203 535 195 560 188 581 200 486 185 516 177 532 170 548 
240 432 270 452 281 477 282 507 284 529 258 501 263 542 265 566 268 585 234 502 231 547 227 574 224 596 214 496 203 536 195 561 189 581 200 486 185 516 176 533 170 548 
240 431 270 452 282 477 283 507 286 530 257 501 263 542 266 566 268 585 234 502 231 546 227 574 224 595 214 497 204 536 196 561 189 581 199 487 184 516 176 533 169 548 
240 432 270 452 282 478 284 507 286 530 257 501 264 542 266 566 269 585 234 502 231 546 228 574 225 595 214 497 204 536 196 561 190 581 199 487 184 516 176 532 170 548 
240 432 270 452 282 477 284 507 286 529 258 501 264 542 266 566 269 586 234 503 231 547 227 575 224 596 214 497 204 536 196 562 190 582 200 487 184 516 176 533 169 548 
240 432 270 452 283 478 285 507 287 529 258 502 264 542 267 566 269 585 234 503 231 547 227 574 224 594 215 497 204 536 195 561 189 581 200 487 184 516 175 532 168 547 
240 433 270 452 284 478 287 507 291 529 258 502 264 543 267 567 269 586 234 504 230 548 225 575 221 596 214 498 203 537 194 562 187 582 199 488 183 516 174 532 167 546 
240 432 271 451 284 478 287 507 293 529 258 502 264 543 267 566 270 585 234 503 230 547 225 574 222 595 214 498 202 536 193 562 186 582 199 487 183 515 173 531 166 545 
240 432 271 452 284 478 288 507 295 529 258 501 264 542 267 566 269 585 234 503 229 547 225 575 221 596 214 497 202 536 193 562 186 583 199 487 182 514 172 531 165 545 
241 432 271 452 285 478 289 507 296 529 258 502 264 542 267 566 270 585 234 503 229 547 225 575 221 596 214 497 201 536 192 562 185 582 199 487 182 514 172 530 165 544 
240 432 271 453 285 479 290 508 297 528 258 502 264 542 266 566 269 585 234 503 229 548 224 575 221 597 214 497 201 536 191 562 184 582 200 487 182 513 171 529 164 544 
241 432 271 452 285 478 291 507 299 528 257 503 264 542 266 566 269 585 234 504 228 547 224 575 221 596 214 498 200 536 190 561 182 581 200 486 181 513 171 529 163 543 
241 432 271 452 285 478 291 507 300 527 257 503 264 543 266 567 268 586 233 503 228 548 223 575 219 596 214 497 199 535 189 561 181 581 199 486 180 512 169 528 160 541 
241 432 271 453 285 479 292 507 302 526 257 503 264 543 266 567 268 586 234 503 228 548 223 575 218 596 215 497 199 535 189 561 180 581 200 486 180 512 168 528 159 541 
241 432 271 453 285 478 293 506 304 525 257 503 263 543 265 567 267 586 233 504 227 548 222 575 218 595 214 498 198 536 187 561 179 581 199 487 179 512 167 527 157 540 
241 433 271 453 286 478 294 506 305 525 257 503 263 543 265 567 267 586 233 503 226 548 221 576 216 596 213 497 198 536 187 562 178 582 199 486 178 512 166 527 157 540 
241 433 271 453 286 479 296 506 308 525 257 503 262 543 264 567 266 587 233 503 226 547 220 575 217 596 213 497 197 536 186 562 178 582 199 486 178 511 166 527 156 540 
242 432 271 452 287 478 297 505 310 522 256 504 262 544 263 567 266 586 233 503 225 547 219 574 215 594 214 497 197 535 186 561 177 581 199 485 178 511 166 526 155 539 
242 432 271 453 287 479 298 505 311 522 256 504 262 543 264 567 266 585 233 503 225 547 219 574 216 595 213 497 198 535 186 561 177 581 199 485 178 510 165 526 155 539 
243 431 272 452 288 477 299 504 312 520 256 504 262 543 264 567 266 586 233 503 224 547 219 574 215 595 214 497 197 535 186 561 177 582 200 485 178 510 165 526 155 539 
242 431 271 452 288 477 300 503 313 519 256 505 262 544 264 567 267 586 233 504 224 547 218 574 214 595 213 498 197 536 185 561 176 582 199 486 178 510 165 526 154 539 
243 430 271 451 289 477 301 503 315 518 256 504 261 544 263 567 266 586 233 504 224 547 217 575 213 595 213 497 197 535 185 560 176 581 199 486 178 510 165 526 154 539 
243 430 272 452 289 477 302 502 316 517 256 505 261 544 263 567 266 586 233 504 224 548 217 575 213 595 214 498 197 535 185 560 176 580 200 486 178 510 165 526 154 539 
242 430 271 451 290 475 304 499 319 513 256 505 261 544 263 567 266 585 233 504 223 547 216 575 212 596 214 498 197 535 185 560 176 581 200 487 178 510 164 526 153 540 
243 429 272 451 291 476 306 499 322 512 256 505 261 544 262 566 265 584 233 505 223 548 216 574 212 595 214 498 197 535 186 560 177 580 200 487 179 510 166 526 155 539 
243 429 271 451 290 475 306 499 323 511 256 505 261 544 262 566 264 584 233 505 223 548 216 575 211 596 214 499 197 536 185 560 177 580 200 487 179 511 165 526 155 539 
243 429 272 451 291 476 307 498 325 510 256 505 260 544 262 567 264 584 233 505 223 548 215 575 211 595 214 499 197 536 186 560 177 580 200 488 179 511 165 526 155 538 
243 429 272 451 291 475 308 498 326 509 256 505 260 544 262 566 264 584 233 505 222 548 215 575 211 595 214 499 197 536 186 560 178 579 200 488 179 511 166 526 155 539 
243 429 272 451 292 476 309 498 327 509 256 506 261 544 262 566 264 584 232 506 222 549 215 575 210 595 214 500 197 536 186 560 177 579 200 489 179 511 166 526 155 538 
243 429 272 451 292 475 310 497 328 507 255 507 260 545 261 567 263 585 232 506 222 549 214 574 209 595 214 500 197 536 185 560 177 579 200 489 179 511 165 526 154 538 
242 429 271 452 292 476 310 497 329 507 255 507 260 545 261 568 263 585 232 506 221 549 213 575 208 594 214 500 196 536 185 560 176 578 200 489 179 511 165 526 155 538 
243 429 272 452 293 476 311 497 329 506 255 507 260 545 261 567 263 585 232 507 221 549 213 575 207 595 214 501 197 536 185 559 175 578 201 489 179 511 166 525 154 537 
242 429 272 452 292 476 311 496 329 505 255 507 260 545 261 568 262 586 232 506 220 548 212 574 206 594 214 500 196 535 185 559 175 578 201 489 179 511 166 525 155 537 
242 429 272 452 292 476 311 496 329 505 255 507 259 545 260 568 262 586 232 506 220 548 212 574 205 594 214 499 196 535 184 559 174 577 201 488 179 511 166 525 155 537 
242 429 272 452 293 475 311 495 330 504 255 507 260 545 261 568 262 586 232 506 220 549 211 575 205 594 214 499 196 536 184 559 174 578 201 489 179 511 166 525 155 537 
243 429 273 452 294 475 312 495 331 504 255 507 260 545 261 568 262 586 232 505 220 548 212 574 205 594 215 499 197 535 185 558 175 577 202 488 180 510 167 524 156 536 
243 428 272 451 294 474 312 494 330 503 255 507 260 545 262 568 263 586 232 506 221 549 212 575 205 594 215 499 197 535 185 559 175 577 202 488 180 511 167 525 156 537 
243 429 274 452 294 475 313 494 331 503 255 507 260 546 261 568 262 586 232 506 220 550 212 576 205 595 215 500 197 536 184 560 174 578 202 489 180 510 167 525 155 536 
243 430 273 453 294 475 313 494 331 502 255 508 260 546 262 569 262 586 232 507 220 550 212 576 205 595 214 500 196 536 184 559 174 578 201 489 179 511 166 525 155 537 
242 430 273 453 294 475 313 493 331 501 255 508 261 546 262 569 263 586 232 507 220 550 212 576 206 595 214 501 196 536 183 560 173 578 201 490 179 511 166 525 155 537 
242 429 272 452 294 474 314 492 332 501 255 506 261 545 262 568 263 585 232 506 220 549 212 576 205 596 214 500 195 536 183 560 173 578 201 489 179 511 165 526 154 537 
243 429 273 453 294 474 314 492 333 500 255 507 261 544 263 567 264 584 231 506 219 549 212 575 205 595 213 500 195 536 183 559 172 578 201 489 179 511 166 525 154 537 
242 429 272 452 294 474 314 492 333 500 255 506 260 543 262 566 264 583 231 506 219 549 211 575 204 595 214 500 194 536 182 559 171 578 201 489 178 511 165 525 153 537 
242 429 272 452 294 474 314 491 334 500 255 506 261 543 263 565 265 582 232 506 219 548 211 574 205 594 214 500 195 535 182 559 171 577 201 489 178 511 165 525 153 537 
242 429 272 452 294 474 314 491 333 499 254 507 260 544 263 566 265 583 231 506 219 549 211 574 205 594 214 500 195 535 182 558 172 576 202 489 179 510 166 524 154 536 
243 429 273 452 295 474 314 491 334 499 254 507 260 544 263 566 265 584 231 507 218 549 210 574 204 594 213 500 194 535 181 558 170 576 201 490 179 511 165 525 153 537 
241 428 271 451 293 473 313 491 333 500 254 505 260 542 263 564 265 582 231 505 219 547 210 573 204 593 213 499 194 534 180 558 169 576 201 489 179 510 165 524 153 536 
241 428 271 451 293 473 314 490 333 499 254 505 260 543 262 566 264 583 230 505 218 548 209 573 202 593 213 499 192 534 179 557 168 574 200 489 178 511 164 525 153 536 
242 428 272 452 294 473 314 491 333 499 254 506 260 542 263 565 265 581 231 505 219 548 210 573 203 593 214 499 194 534 181 558 169 576 201 489 179 510 166 524 154 535 
242 428 272 452 294 473 314 491 333 500 254 507 260 544 262 566 264 583 231 506 218 548 209 574 202 593 213 500 193 534 180 557 169 575 201 489 178 510 165 524 152 535 
241 428 271 451 293 473 314 490 333 499 254 505 260 542 262 565 264 583 230 505 218 547 209 573 202 593 212 499 193 534 179 557 168 575 200 489 178 511 164 524 152 536 
241 429 271 452 293 473 313 491 332 499 254 506 260 542 262 565 264 582 231 505 218 548 209 573 202 592 213 500 194 534 181 558 169 576 201 490 178 510 164 524 152 535 
241 428 271 452 293 473 313 491 332 499 254 507 260 544 262 567 263 584 230 506 217 549 209 574 202 593 213 500 193 535 180 557 169 575 201 490 178 511 165 524 153 536 
241 429 271 452 293 474 313 491 332 499 253 507 259 543 262 566 264 582 230 507 217 549 209 574 202 593 213 501 193 535 180 558 169 576 201 490 178 511 165 524 153 536 
241 428 271 452 293 473 313 491 332 499 253 507 259 543 261 566 263 583 230 506 217 548 209 573 201 593 213 500 193 535 180 558 169 576 200 490 178 511 165 525 152 536 
241 429 271 453 293 474 313 491 333 499 253 507 259 544 261 567 262 584 230 506 217 548 208 574 200 593 212 500 193 535 180 558 169 576 200 490 178 511 164 524 152 536 
241 428 270 452 293 474 313 491 332 499 252 507 259 544 261 567 263 584 229 507 216 549 207 574 200 593 212 501 192 535 179 558 167 575 200 490 177 511 164 524 152 536 
241 429 271 452 293 474 313 491 332 499 253 507 259 543 261 566 263 582 230 506 216 548 207 574 200 593 212 500 193 535 180 558 168 576 200 490 178 511 165 524 152 536 
242 429 271 452 293 474 313 491 333 498 253 507 259 543 261 565 263 582 231 506 217 547 208 573 201 593 213 500 194 534 180 558 168 576 202 490 179 510 165 524 152 535 
242 429 271 452 293 474 313 491 333 498 253 507 258 543 261 565 262 582 230 506 217 547 208 573 200 592 212 501 193 535 179 558 167 576 200 491 178 511 164 524 151 536 
242 429 272 452 293 474 313 491 333 498 253 507 259 543 261 565 263 582 230 506 217 548 208 574 200 593 213 500 194 534 180 558 168 576 202 489 179 510 166 523 153 534 
241 428 271 452 292 473 312 491 333 498 252 507 258 543 260 565 262 582 230 506 216 547 207 573 199 592 212 500 193 534 179 557 167 576 201 490 179 511 165 524 152 534 
242 428 271 451 293 473 313 490 333 497 252 507 258 543 260 565 262 582 229 506 216 548 207 573 199 592 212 500 192 535 178 558 166 576 201 490 178 511 165 524 153 534 
241 429 271 452 293 474 313 491 333 498 253 507 258 543 261 565 263 582 230 507 216 547 207 573 199 592 213 500 193 534 179 557 166 575 201 490 178 510 164 524 152 534 
242 427 271 451 292 473 313 490 333 498 253 507 258 543 260 566 262 583 229 506 215 547 206 573 198 592 212 500 192 534 177 556 165 574 201 489 179 510 165 523 153 533 
241 429 271 452 292 474 312 491 332 498 252 507 257 543 259 566 260 583 229 506 215 547 206 572 198 591 212 500 191 534 177 556 164 575 201 489 178 510 164 523 152 533 
241 428 270 452 292 474 312 490 332 498 252 506 257 543 258 566 260 583 229 506 214 547 205 573 197 591 212 500 191 534 177 557 164 574 200 489 178 510 164 522 151 533 
241 428 270 452 292 474 312 491 332 498 251 507 256 544 258 566 259 583 228 506 213 547 204 572 196 590 211 500 190 533 176 556 163 573 200 489 177 509 164 522 151 532 
240 428 270 451 291 473 311 491 331 498 250 507 255 544 256 566 258 583 227 506 212 547 202 572 194 590 210 500 189 533 175 555 162 573 199 489 177 509 163 522 151 532 
240 428 269 451 290 473 310 490 331 498 250 506 254 543 256 566 257 582 227 505 211 546 202 571 193 590 210 499 189 533 174 555 161 573 200 489 177 509 163 521 151 531 
240 428 269 451 290 473 310 490 331 498 250 506 254 542 255 565 257 582 227 505 211 545 202 571 193 589 210 499 188 532 174 554 161 572 199 488 176 509 163 521 150 531 
239 427 268 451 290 473 310 491 331 498 249 505 253 542 255 564 256 582 226 504 210 545 200 570 192 589 209 498 188 532 173 554 160 572 199 487 176 508 163 520 150 530 
239 427 268 451 289 473 309 490 330 498 249 506 253 542 254 565 256 582 226 504 210 545 200 570 192 589 209 498 187 531 172 554 159 572 198 487 176 507 162 520 150 530 
239 427 268 451 289 473 309 491 329 498 248 506 252 543 254 565 255 582 225 505 209 545 199 570 191 589 209 498 187 532 172 554 159 571 198 487 175 507 161 519 149 530 
238 427 267 451 288 473 308 490 328 498 248 505 251 542 253 565 254 582 225 504 208 545 198 570 190 589 208 498 186 531 171 553 158 570 197 487 175 507 161 519 148 529 
238 426 267 451 287 473 308 490 328 498 247 506 251 543 252 565 253 582 224 504 208 545 198 570 189 588 208 498 186 531 171 553 157 571 197 487 175 507 161 519 149 529 
238 426 266 450 287 473 307 490 328 497 247 506 250 543 252 565 253 582 224 504 208 545 198 570 189 589 207 498 185 531 170 553 157 571 197 487 174 507 161 519 148 529 
237 426 266 450 287 473 307 490 328 497 246 505 250 542 251 565 252 582 223 504 208 545 197 570 188 589 207 497 185 531 170 554 156 571 196 486 174 507 160 519 147 529 
237 425 266 449 286 472 307 490 327 497 246 505 249 542 251 565 252 582 223 504 207 544 196 570 188 589 206 497 185 531 170 554 156 572 196 486 174 506 160 519 148 529 
237 425 265 449 285 472 306 490 327 497 245 505 249 542 250 565 252 582 222 504 206 544 196 569 187 588 206 497 185 531 169 554 156 572 196 486 174 506 161 518 150 528 
237 427 265 450 286 472 306 490 326 498 246 505 249 542 250 564 251 581 223 503 206 544 196 569 187 588 206 497 185 531 169 553 155 571 196 486 174 506 161 519 149 528 
237 426 266 450 286 473 306 490 327 497 246 505 249 542 250 564 251 581 223 503 206 543 195 569 187 588 206 496 185 530 169 553 156 572 196 485 174 506 161 519 150 529 
237 425 265 449 285 472 306 490 327 497 246 504 248 541 250 564 251 581 223 503 206 543 195 569 187 588 206 496 184 530 169 553 155 572 196 485 174 506 161 519 150 529 
237 426 266 450 286 473 306 490 326 497 246 504 249 541 250 564 251 581 222 503 206 543 195 568 186 588 206 496 184 530 169 553 155 571 196 485 174 506 162 519 150 529 
238 425 266 450 286 472 306 490 327 498 246 504 249 541 250 564 251 581 223 503 206 543 195 568 186 587 207 495 185 530 169 553 155 571 197 484 174 505 161 518 150 528 
237 426 265 450 286 473 306 490 327 498 245 505 249 542 250 564 252 581 222 503 206 544 196 569 187 588 206 496 184 531 169 554 155 572 196 485 174 506 161 519 150 528 
237 426 266 450 286 473 306 490 327 498 246 505 249 542 251 564 252 581 223 504 207 544 196 569 187 588 206 497 185 531 170 554 156 572 196 486 174 506 161 519 150 529 
238 426 267 451 287 473 307 491 328 498 247 505 250 542 251 564 252 581 224 503 207 544 196 569 187 588 207 496 185 530 170 553 157 571 196 485 174 506 161 519 150 529 
238 426 267 450 287 474 307 491 328 499 247 505 250 542 251 565 252 582 224 503 207 544 196 569 187 587 207 496 186 531 171 553 157 571 197 485 175 506 162 519 150 529 
238 427 267 452 287 474 307 492 327 500 248 505 250 542 251 565 252 582 224 503 207 544 196 569 187 588 207 497 186 531 171 554 158 572 197 486 174 507 161 520 149 530 
238 427 267 451 287 474 307 492 327 500 248 505 251 542 252 565 252 583 224 503 208 544 198 569 189 588 207 497 186 531 172 554 160 572 196 486 173 508 160 521 149 531 
240 426 268 452 289 475 308 495 327 504 250 505 252 543 252 566 252 584 226 503 210 544 199 569 190 588 209 496 188 531 174 554 162 572 197 485 174 507 160 521 149 531 
240 425 268 451 289 475 308 495 327 505 250 503 252 541 253 564 253 583 226 501 211 543 200 568 191 587 209 495 188 530 175 554 163 572 197 485 174 506 160 520 149 531 
241 425 269 451 289 476 308 496 327 506 250 503 253 541 253 564 253 582 227 501 211 542 200 568 191 587 209 494 189 530 176 554 164 572 197 484 174 506 161 520 149 531 
241 423 269 450 289 476 307 497 327 507 250 503 253 541 253 563 253 581 227 501 211 542 200 567 191 587 210 494 189 530 175 554 163 573 198 484 175 506 161 520 149 531 
241 425 268 451 289 476 307 497 326 507 250 503 253 540 253 563 253 581 227 501 212 543 201 568 192 587 210 495 190 531 176 555 165 574 197 485 174 507 161 521 149 532 
241 426 269 451 289 476 307 497 325 508 251 503 254 540 253 563 253 581 228 501 213 543 203 569 194 589 210 495 189 531 176 555 164 574 197 485 173 507 160 521 148 532 
241 425 269 450 289 475 305 497 324 509 252 502 254 540 252 563 250 580 230 501 217 543 208 569 201 588 211 495 192 532 180 556 169 576 198 484 175 508 161 523 149 536 
240 425 269 449 289 474 305 497 323 509 252 501 252 538 250 560 248 578 230 500 218 542 210 567 203 586 212 494 195 532 184 555 175 574 198 484 177 509 164 526 153 539 
241 424 270 449 289 474 303 497 321 510 253 501 251 538 248 560 245 578 231 499 220 542 211 568 204 588 213 493 197 531 187 555 179 574 199 483 181 510 170 527 160 541 
241 425 269 449 288 473 303 496 320 510 252 500 250 539 246 561 243 579 231 498 220 542 211 568 204 587 213 492 199 531 190 555 182 573 199 482 184 511 176 529 169 544 
242 426 270 449 288 473 302 497 319 511 252 499 249 539 245 561 241 579 230 496 220 541 211 568 204 587 212 490 199 531 191 555 185 573 199 481 187 512 181 531 175 546 
241 427 269 450 287 474 300 498 317 512 252 498 248 538 244 560 240 578 229 495 219 541 211 568 205 588 212 489 200 532 193 556 187 574 200 481 189 513 185 532 180 547 
240 429 269 450 287 474 300 498 316 513 252 497 248 538 243 560 238 578 229 495 220 542 212 569 205 589 212 490 201 533 194 557 188 575 200 482 191 515 186 534 182 549 
240 430 270 451 287 475 298 499 312 515 253 496 247 538 242 561 236 578 229 495 220 542 212 570 205 590 212 490 202 534 196 559 190 577 201 483 193 517 189 536 185 550 
240 430 269 450 286 475 297 500 311 517 253 497 247 539 241 562 235 579 230 495 220 543 213 571 207 591 212 491 202 535 197 561 193 579 201 484 194 519 190 538 187 553 
240 430 270 451 286 475 297 500 311 518 254 498 247 540 241 562 235 579 230 496 221 544 214 571 208 591 213 491 203 535 198 560 194 578 201 484 194 518 191 537 188 552 
240 429 270 451 286 475 296 501 309 520 255 497 248 540 241 563 235 580 231 495 222 544 216 572 211 592 213 490 204 535 199 561 196 579 201 483 194 518 192 538 190 553 
240 429 269 451 285 475 294 503 303 523 254 495 247 539 240 563 234 580 230 494 222 544 216 572 211 592 213 491 204 536 200 562 197 580 201 485 195 520 193 540 191 555 
240 427 269 449 284 474 290 503 298 525 255 494 248 538 240 562 233 581 231 493 223 542 217 571 212 592 213 489 205 534 200 561 197 580 201 483 196 518 194 538 193 554 
239 428 268 449 281 475 283 505 288 528 254 495 247 540 240 564 233 582 231 495 224 544 218 572 213 593 214 491 206 535 201 562 198 581 201 485 196 520 195 540 194 555 
238 428 268 449 280 475 281 505 284 529 254 495 246 541 239 565 232 584 231 495 222 544 216 574 211 595 214 491 206 535 201 561 198 580 202 485 197 520 196 540 195 555 
238 427 268 448 279 474 279 504 282 528 254 495 246 540 239 565 232 583 231 495 223 544 217 574 212 595 214 492 207 536 203 562 199 580 202 486 197 521 196 540 197 555 
239 427 269 449 279 476 277 506 279 530 254 495 246 541 239 565 232 583 231 495 223 544 218 574 213 595 214 490 208 535 204 561 201 580 201 484 198 519 197 539 198 555 
239 428 268 450 278 477 276 507 277 531 253 495 244 542 238 566 231 582 230 495 222 545 218 574 214 595 213 490 207 535 203 561 201 579 201 484 198 519 197 539 199 554 
238 428 268 450 278 478 275 509 275 532 253 496 244 542 237 565 230 582 230 495 222 545 218 574 214 594 213 491 208 536 204 562 202 579 201 485 197 520 198 540 200 555 
239 428 269 450 278 479 274 509 274 533 252 496 243 542 237 566 230 583 229 495 222 545 218 574 214 594 213 491 207 536 204 562 202 580 201 485 198 519 198 539 201 555 
238 427 268 450 278 478 274 509 273 533 252 496 243 542 237 566 230 583 229 495 222 545 217 573 214 594 213 490 207 535 204 561 202 578 201 484 198 519 198 539 201 554 
238 427 268 449 278 479 274 510 272 534 253 495 243 542 237 566 230 583 229 494 221 544 217 574 213 594 213 490 207 535 203 561 202 579 201 484 198 519 199 540 201 554 
238 428 268 450 278 479 274 511 271 535 252 496 243 542 237 566 230 584 228 495 221 546 217 575 213 595 212 492 206 536 203 562 201 580 201 486 198 521 199 541 202 556 
238 427 268 450 278 479 275 510 271 534 252 496 242 542 236 566 229 584 229 495 221 546 217 575 214 595 212 491 207 536 204 561 202 579 201 485 198 520 200 540 203 554 
237 427 267 451 278 479 275 511 270 535 253 495 244 542 238 566 231 584 229 496 223 546 219 575 215 595 212 493 208 538 205 563 203 581 201 488 198 523 199 543 202 558 
237 427 267 450 277 479 274 510 271 534 253 496 244 543 238 567 232 585 230 496 223 546 219 575 215 595 213 493 208 537 205 563 204 581 201 487 198 522 198 542 200 558 
236 427 267 450 277 479 274 511 271 535 252 496 244 543 239 567 232 585 229 496 222 546 219 575 215 595 212 493 208 537 205 563 203 581 201 488 198 523 198 543 200 559 
236 427 266 450 277 479 274 510 271 534 252 496 244 543 238 567 232 585 229 496 223 546 219 574 216 595 212 493 208 537 205 563 204 581 201 487 197 522 198 542 200 558 
236 427 267 451 277 480 274 511 270 535 252 496 244 542 238 567 232 585 229 496 222 546 218 575 215 596 212 493 207 537 204 563 203 582 200 487 198 523 198 543 201 558 
236 428 266 451 277 480 274 511 270 536 253 496 244 543 239 567 233 585 229 496 222 547 219 576 215 596 212 493 208 538 205 564 203 583 200 488 198 523 198 544 201 559 
237 429 268 452 278 480 275 512 271 536 253 497 245 544 240 568 234 586 230 497 223 547 220 576 217 597 213 494 208 539 205 565 203 583 200 488 198 524 198 544 200 560 
238 430 268 453 279 482 276 513 272 537 254 498 247 545 242 569 236 587 231 498 225 548 221 577 218 597 213 494 209 540 206 566 204 584 201 489 198 525 199 545 201 560 
239 430 269 454 279 482 276 513 274 537 254 499 248 545 243 569 238 587 231 499 226 549 223 577 220 597 214 495 210 540 207 566 205 584 202 490 199 524 199 544 201 560 
240 431 269 454 280 482 279 513 276 536 256 500 252 546 248 570 244 588 233 500 229 550 226 579 223 599 216 497 212 541 209 568 206 587 204 491 200 525 199 545 201 561 
241 431 271 454 282 482 281 513 280 538 257 499 256 544 254 569 252 588 234 500 230 549 228 579 225 600 217 497 213 541 210 568 208 588 204 491 200 526 199 545 201 562 
244 433 273 457 285 484 284 514 284 537 261 502 260 547 259 571 257 590 237 502 232 550 228 579 225 600 220 498 214 541 210 567 208 587 207 491 201 525 200 545 201 561 
244 433 275 457 287 484 287 514 288 539 263 503 263 547 262 572 260 591 239 503 234 551 230 579 227 600 221 500 215 542 211 568 208 587 208 494 202 527 201 546 201 562 
246 434 277 458 288 485 289 515 291 540 265 504 265 548 265 572 263 592 242 504 237 552 233 580 230 601 224 501 217 544 212 569 209 589 210 495 204 529 201 548 201 564 
248 436 278 459 290 486 291 516 293 540 267 505 268 550 268 574 266 594 243 506 239 554 235 581 232 602 225 503 219 546 214 571 211 590 212 497 206 531 203 549 203 564 
250 438 281 461 292 488 293 518 296 542 269 507 271 551 271 576 270 595 246 508 242 555 239 583 236 604 228 504 221 547 217 572 213 592 213 498 207 532 205 550 204 566 
251 439 282 461 294 488 296 518 298 543 272 508 275 553 275 577 274 597 248 509 245 557 242 585 239 607 230 506 223 549 218 574 215 594 216 499 209 533 206 552 205 568 
254 441 284 463 296 490 297 520 301 544 274 511 277 555 277 579 277 597 251 512 247 560 244 587 242 607 232 509 226 551 220 576 217 596 218 501 210 535 207 553 205 569 
255 443 286 465 298 492 300 522 304 546 275 513 279 557 280 581 279 599 252 514 249 563 246 592 243 613 234 510 227 553 222 579 218 600 219 503 211 537 207 555 205 572 
257 443 288 467 300 493 302 523 305 547 277 515 281 558 281 582 282 600 254 515 251 564 247 592 245 614 236 511 229 554 224 580 220 600 221 503 213 537 208 556 205 572 
258 445 289 468 302 494 304 524 307 548 279 516 283 560 284 584 284 602 256 517 252 565 248 594 245 615 237 512 230 555 224 581 221 602 222 504 213 538 208 557 205 574 
259 447 290 469 303 495 306 525 310 549 280 517 284 561 285 585 286 604 257 519 253 567 250 596 247 617 238 515 231 558 226 584 223 605 223 506 213 540 208 558 205 575 
260 449 291 470 305 496 308 526 312 548 282 519 286 562 287 586 289 604 259 520 255 569 250 597 248 618 239 516 232 559 226 585 222 606 224 508 213 540 207 559 203 575 
261 450 292 470 306 497 309 527 315 550 282 519 287 563 289 587 291 606 259 520 256 569 252 598 250 621 240 517 232 560 226 587 223 608 225 509 213 542 207 560 203 576 
262 452 293 471 307 498 311 528 317 551 283 521 288 564 290 589 292 608 260 523 256 571 253 600 250 622 241 519 232 562 226 588 222 609 225 511 213 543 207 561 202 577 
264 457 295 475 310 501 316 530 324 551 286 526 291 569 293 593 294 611 263 528 258 576 254 604 250 625 243 523 233 565 226 591 222 611 226 514 213 546 206 563 200 579 
264 457 296 475 312 501 320 531 330 552 287 525 293 568 294 593 296 612 263 528 259 576 255 604 252 626 243 524 234 567 227 593 223 613 227 516 213 548 205 565 200 580 
265 460 297 478 314 503 323 532 334 552 288 528 294 572 295 596 296 616 264 530 260 579 255 607 252 628 244 526 234 569 228 596 223 616 228 517 213 548 206 566 200 581 
267 462 300 479 316 505 325 533 336 553 290 532 295 574 297 598 298 618 266 533 261 581 256 609 253 630 246 529 236 571 229 597 224 618 230 519 215 549 207 567 201 582 
269 462 302 480 318 507 328 535 340 555 291 533 297 575 298 600 300 620 267 534 261 582 257 610 253 631 247 529 236 572 229 598 224 618 231 519 216 550 208 568 202 583 
271 464 303 482 320 507 330 536 343 555 293 534 299 577 301 602 302 622 269 536 264 584 259 612 255 634 248 531 237 573 230 599 224 619 233 521 217 552 209 569 202 584 
273 466 305 484 323 509 334 537 347 556 294 536 301 579 303 603 305 623 270 538 265 586 261 614 257 635 250 533 239 575 231 601 226 621 234 523 218 553 210 570 203 585 
275 467 308 485 326 511 338 539 351 557 296 539 303 580 306 604 308 623 272 540 267 587 262 615 259 636 252 535 240 576 232 602 226 622 237 524 220 554 211 571 204 585 
277 467 310 486 328 512 340 540 354 557 298 538 305 581 307 605 310 625 274 539 268 586 264 615 260 636 254 534 242 576 234 603 227 624 239 524 222 554 212 572 205 586 
279 470 312 488 330 513 343 540 357 557 300 541 306 583 308 608 311 628 275 542 269 589 264 617 260 639 255 536 243 578 235 606 228 627 240 526 222 555 212 572 204 586 
282 472 313 491 332 516 346 542 360 559 301 544 307 586 310 611 312 630 277 545 270 592 265 621 261 643 257 539 244 581 234 608 227 631 241 528 223 556 212 573 203 588 
284 477 316 496 335 521 350 547 366 565 304 551 310 593 312 618 316 638 279 552 273 600 267 630 262 652 259 546 246 589 237 617 228 640 243 534 225 563 213 580 204 594 
287 482 319 502 338 527 354 552 370 568 307 557 313 599 316 625 320 645 282 558 275 606 269 636 265 658 262 552 249 594 239 623 231 646 246 540 227 569 216 586 206 601 
290 487 322 508 343 532 359 557 376 573 311 564 318 605 322 630 327 650 286 565 279 612 273 641 269 664 266 559 253 601 243 629 236 652 250 547 231 575 220 592 211 606 
294 493 327 514 348 538 366 563 383 578 316 571 324 612 329 636 335 656 291 572 285 619 279 648 276 670 271 566 259 609 250 637 243 660 255 555 236 582 225 599 215 614 
300 499 334 520 356 545 374 569 391 584 323 578 332 618 338 642 346 662 298 580 293 627 288 656 286 678 278 574 267 616 258 644 252 667 262 563 244 590 232 607 222 622 
307 506 341 526 364 550 382 574 401 589 331 585 342 625 349 649 357 669 306 587 302 634 298 663 297 685 286 582 275 624 267 652 261 675 269 571 251 598 240 616 231 631 
313 514 348 534 372 557 392 580 411 595 340 592 352 632 360 657 369 677 316 594 312 641 309 670 307 693 294 589 285 631 277 659 272 683 277 579 260 607 248 625 240 641 
320 520 357 541 381 563 402 587 422 602 350 598 363 639 371 664 381 684 324 601 323 649 321 679 321 702 302 597 294 640 287 668 283 691 285 587 268 616 258 634 250 650 
329 526 366 547 391 570 413 593 433 608 360 605 374 646 384 671 393 691 334 608 334 656 333 686 334 709 312 605 304 648 298 676 295 699 294 595 277 625 267 643 259 659 
336 531 374 552 400 575 422 599 443 613 368 612 385 654 395 680 405 700 342 616 344 665 344 696 345 719 320 612 313 656 308 684 305 706 301 602 286 633 276 651 270 666 
343 537 381 558 408 582 431 607 453 621 377 618 395 660 405 686 415 706 351 622 354 671 355 705 356 731 328 618 323 662 318 690 315 712 309 609 294 641 285 660 278 676 
350 543 388 564 416 588 440 613 462 627 385 624 404 666 415 692 427 712 359 629 363 679 365 711 368 735 336 626 331 670 328 698 327 719 316 617 302 649 293 669 288 685 
357 549 397 570 424 594 449 619 471 633 394 630 413 674 424 701 435 722 368 634 373 685 376 718 378 743 344 631 339 677 336 706 335 729 325 623 310 656 302 676 296 694 
369 557 410 582 437 608 459 636 480 654 410 645 428 685 438 711 447 729 384 648 393 691 397 718 402 736 361 645 359 685 355 710 355 728 342 637 329 670 321 689 316 706 
377 569 418 593 444 620 462 651 482 673 418 652 433 691 440 711 445 722 392 657 403 699 407 715 410 721 368 655 373 695 373 713 374 724 349 648 339 682 334 702 330 719 
384 580 426 603 451 632 466 666 484 690 426 661 439 701 443 721 445 734 400 666 410 707 413 726 417 736 376 663 380 704 379 724 381 738 357 656 351 690 348 708 346 722 
390 590 432 613 456 646 471 679 491 702 430 675 444 710 448 723 450 730 404 680 416 716 421 728 423 733 381 678 387 714 389 731 390 741 363 671 360 702 359 718 358 730 
395 601 438 626 461 658 475 692 493 717 435 687 447 720 450 724 448 723 411 691 422 724 426 730 428 731 389 688 396 721 399 732 401 736 371 682 372 712 373 725 374 734 
-1 -1 -1 -1 -1 -1 -1 -1 -1 -1 -1 -1 -1 -1 -1 -1 -1 -1 -1 -1 -1 -1 -1 -1 -1 -1 -1 -1 -1 -1 -1 -1 -1 -1 -1 -1 -1 -1 -1 -1 -1 -1 
-1 -1 -1 -1 -1 -1 -1 -1 -1 -1 -1 -1 -1 -1 -1 -1 -1 -1 -1 -1 -1 -1 -1 -1 -1 -1 -1 -1 -1 -1 -1 -1 -1 -1 -1 -1 -1 -1 -1 -1 -1 -1 
-1 -1 -1 -1 -1 -1 -1 -1 -1 -1 -1 -1 -1 -1 -1 -1 -1 -1 -1 -1 -1 -1 -1 -1 -1 -1 -1 -1 -1 -1 -1 -1 -1 -1 -1 -1 -1 -1 -1 -1 -1 -1 
-1 -1 -1 -1 -1 -1 -1 -1 -1 -1 -1 -1 -1 -1 -1 -1 -1 -1 -1 -1 -1 -1 -1 -1 -1 -1 -1 -1 -1 -1 -1 -1 -1 -1 -1 -1 -1 -1 -1 -1 -1 -1 
-1 -1 -1 -1 -1 -1 -1 -1 -1 -1 -1 -1 -1 -1 -1 -1 -1 -1 -1 -1 -1 -1 -1 -1 -1 -1 -1 -1 -1 -1 -1 -1 -1 -1 -1 -1 -1 -1 -1 -1 -1 -1 
-1 -1 -1 -1 -1 -1 -1 -1 -1 -1 -1 -1 -1 -1 -1 -1 -1 -1 -1 -1 -1 -1 -1 -1 -1 -1 -1 -1 -1 -1 -1 -1 -1 -1 -1 -1 -1 -1 -1 -1 -1 -1 
-1 -1 -1 -1 -1 -1 -1 -1 -1 -1 -1 -1 -1 -1 -1 -1 -1 -1 -1 -1 -1 -1 -1 -1 -1 -1 -1 -1 -1 -1 -1 -1 -1 -1 -1 -1 -1 -1 -1 -1 -1 -1 
-1 -1 -1 -1 -1 -1 -1 -1 -1 -1 -1 -1 -1 -1 -1 -1 -1 -1 -1 -1 -1 -1 -1 -1 -1 -1 -1 -1 -1 -1 -1 -1 -1 -1 -1 -1 -1 -1 -1 -1 -1 -1 
-1 -1 -1 -1 -1 -1 -1 -1 -1 -1 -1 -1 -1 -1 -1 -1 -1 -1 -1 -1 -1 -1 -1 -1 -1 -1 -1 -1 -1 -1 -1 -1 -1 -1 -1 -1 -1 -1 -1 -1 -1 -1 
-1 -1 -1 -1 -1 -1 -1 -1 -1 -1 -1 -1 -1 -1 -1 -1 -1 -1 -1 -1 -1 -1 -1 -1 -1 -1 -1 -1 -1 -1 -1 -1 -1 -1 -1 -1 -1 -1 -1 -1 -1 -1 
-1 -1 -1 -1 -1 -1 -1 -1 -1 -1 -1 -1 -1 -1 -1 -1 -1 -1 -1 -1 -1 -1 -1 -1 -1 -1 -1 -1 -1 -1 -1 -1 -1 -1 -1 -1 -1 -1 -1 -1 -1 -1 
