-1 -1 -1 -1 -1 -1 -1 -1 -1 -1 -1 -1 -1 -1 -1 -1 -1 -1 -1 -1 -1 -1 -1 -1 -1 -1 -1 -1 -1 -1 -1 -1 -1 -1 -1 -1 -1 -1 -1 -1 -1 -1 
-1 -1 -1 -1 -1 -1 -1 -1 -1 -1 -1 -1 -1 -1 -1 -1 -1 -1 -1 -1 -1 -1 -1 -1 -1 -1 -1 -1 -1 -1 -1 -1 -1 -1 -1 -1 -1 -1 -1 -1 -1 -1 
-1 -1 -1 -1 -1 -1 -1 -1 -1 -1 -1 -1 -1 -1 -1 -1 -1 -1 -1 -1 -1 -1 -1 -1 -1 -1 -1 -1 -1 -1 -1 -1 -1 -1 -1 -1 -1 -1 -1 -1 -1 -1 
-1 -1 -1 -1 -1 -1 -1 -1 -1 -1 -1 -1 -1 -1 -1 -1 -1 -1 -1 -1 -1 -1 -1 -1 -1 -1 -1 -1 -1 -1 -1 -1 -1 -1 -1 -1 -1 -1 -1 -1 -1 -1 
-1 -1 -1 -1 -1 -1 -1 -1 -1 -1 -1 -1 -1 -1 -1 -1 -1 -1 -1 -1 -1 -1 -1 -1 -1 -1 -1 -1 -1 -1 -1 -1 -1 -1 -1 -1 -1 -1 -1 -1 -1 -1 
-1 -1 -1 -1 -1 -1 -1 -1 -1 -1 -1 -1 -1 -1 -1 -1 -1 -1 -1 -1 -1 -1 -1 -1 -1 -1 -1 -1 -1 -1 -1 -1 -1 -1 -1 -1 -1 -1 -1 -1 -1 -1 
-1 -1 -1 -1 -1 -1 -1 -1 -1 -1 -1 -1 -1 -1 -1 -1 -1 -1 -1 -1 -1 -1 -1 -1 -1 -1 -1 -1 -1 -1 -1 -1 -1 -1 -1 -1 -1 -1 -1 -1 -1 -1 
-1 -1 -1 -1 -1 -1 -1 -1 -1 -1 -1 -1 -1 -1 -1 -1 -1 -1 -1 -1 -1 -1 -1 -1 -1 -1 -1 -1 -1 -1 -1 -1 -1 -1 -1 -1 -1 -1 -1 -1 -1 -1 
-1 -1 -1 -1 -1 -1 -1 -1 -1 -1 -1 -1 -1 -1 -1 -1 -1 -1 -1 -1 -1 -1 -1 -1 -1 -1 -1 -1 -1 -1 -1 -1 -1 -1 -1 -1 -1 -1 -1 -1 -1 -1 
337 285 326 258 315 230 306 209 296 191 298 232 291 209 287 194 285 184 306 233 297 208 291 195 287 186 316 234 307 211 301 197 296 188 327 235 319 218 314 205 308 196 
337 282 311 257 299 230 292 211 283 193 309 222 305 199 299 185 292 177 321 222 317 197 307 182 299 175 331 222 329 197 320 183 312 175 341 224 338 202 329 188 319 177 
336 275 304 248 296 220 290 198 284 179 333 206 337 185 329 171 317 164 343 206 344 183 331 168 318 161 349 207 350 183 336 170 324 166 350 210 349 187 339 174 326 167 
329 267 304 245 297 215 287 194 280 174 341 199 334 175 315 167 297 167 349 200 340 171 318 162 300 165 352 203 345 171 323 163 305 165 349 207 341 180 326 170 310 168 
327 258 301 238 294 211 285 192 279 171 340 193 334 162 315 153 299 156 349 196 338 159 313 154 295 160 352 202 342 165 316 157 295 162 347 207 339 178 319 168 300 168 
323 258 300 237 293 210 284 191 279 171 341 191 334 158 312 150 297 154 350 195 336 157 309 153 291 160 352 201 339 163 311 157 291 165 345 209 335 178 315 167 298 168 
322 257 298 235 292 207 283 190 275 170 340 187 331 153 308 147 292 152 348 191 333 154 306 151 289 158 349 200 335 162 307 157 287 163 341 209 331 179 312 170 296 169 
322 256 298 233 292 207 282 189 274 169 339 186 331 152 308 145 292 149 347 191 333 153 305 149 288 157 348 199 334 160 306 156 287 163 339 207 328 176 308 167 292 168 
322 254 299 231 292 204 281 185 274 166 339 184 331 151 308 144 292 148 347 189 333 151 305 147 289 154 347 197 334 159 306 154 287 161 338 206 328 176 308 166 293 166 
323 252 301 228 294 201 283 183 275 164 341 181 330 147 308 141 292 146 348 186 333 148 305 145 288 153 348 195 335 157 306 152 287 159 339 204 329 174 309 164 293 164 
324 250 301 227 294 199 284 182 276 163 341 179 331 145 309 139 293 144 349 184 334 147 306 143 290 151 349 193 335 156 307 150 288 158 340 202 329 171 309 162 293 162 
325 249 302 225 296 198 285 181 277 162 343 177 332 144 309 138 293 143 351 183 334 145 306 142 291 150 351 191 336 154 307 150 289 157 341 201 329 170 309 161 293 162 
325 249 303 225 296 198 286 181 279 162 342 177 332 144 310 138 294 143 350 183 334 145 307 142 291 150 350 191 336 154 308 149 289 157 341 201 329 170 310 160 294 161 
326 249 303 225 296 198 286 182 279 163 342 177 332 144 310 138 294 143 350 183 334 146 307 143 290 151 350 192 336 154 307 150 289 158 341 202 330 171 311 162 295 162 
327 251 304 226 298 200 287 183 278 164 344 178 333 145 310 139 294 145 351 183 334 146 307 143 291 152 351 192 336 154 307 151 290 159 341 202 330 171 310 162 295 162 
327 250 304 226 298 199 287 182 278 164 345 177 332 145 309 139 293 145 353 183 334 145 306 143 290 153 352 192 336 154 307 151 289 159 342 202 329 171 309 163 294 163 
327 250 304 226 298 200 287 183 278 164 344 177 333 145 311 139 295 145 352 183 334 146 307 143 291 152 352 192 336 155 308 151 290 159 342 202 329 172 310 163 295 164 
328 252 306 228 299 201 288 184 278 166 346 178 332 146 309 142 294 149 353 183 333 146 305 145 290 155 353 192 335 155 307 153 289 162 343 203 329 173 310 164 295 165 
329 252 306 228 299 201 288 184 279 166 346 179 334 147 311 141 295 147 353 185 336 147 308 145 292 154 353 194 338 156 309 153 291 160 343 204 330 174 311 165 296 165 
329 252 306 228 300 201 289 183 280 165 347 178 334 146 310 142 295 148 354 184 336 147 308 145 292 155 354 193 337 156 309 153 291 161 344 203 331 174 311 165 296 166 
331 251 308 227 301 201 290 184 281 166 347 178 334 145 311 141 296 147 355 183 336 147 309 145 293 155 355 192 338 156 310 153 292 162 345 203 332 173 312 166 297 167 
332 251 309 227 303 200 291 183 282 166 349 178 335 146 312 141 297 148 356 183 337 147 309 145 294 155 356 192 339 156 311 153 293 162 346 202 333 173 313 165 299 166 
334 250 311 225 303 198 291 181 283 164 349 176 336 143 313 139 297 145 357 182 339 145 311 143 296 153 357 191 341 155 313 151 295 160 347 202 335 173 315 164 300 165 
335 250 312 225 304 198 293 181 284 163 348 175 336 143 314 139 298 145 356 180 339 145 311 143 295 153 357 190 342 154 313 151 295 159 349 200 336 172 317 163 301 163 
336 248 313 225 306 197 294 180 283 162 350 174 337 142 314 137 299 144 358 179 340 143 312 140 296 150 358 188 344 152 315 149 296 157 349 199 337 170 318 162 302 162 
339 245 315 221 307 194 294 177 284 158 350 170 338 139 315 134 300 141 358 176 341 140 313 138 297 149 359 186 345 149 315 146 297 155 351 197 340 168 320 159 304 160 
339 244 316 221 308 193 295 176 284 158 351 169 338 138 315 133 300 140 359 175 342 138 313 137 297 147 360 185 346 148 316 145 298 154 352 196 341 167 321 159 305 159 
339 243 316 219 308 191 296 174 285 156 350 167 338 135 315 131 300 137 358 173 341 137 313 136 298 146 360 183 345 148 316 145 298 153 351 196 340 167 320 158 305 158 
341 243 317 219 308 191 295 173 284 155 351 165 337 134 314 130 299 137 359 171 341 136 313 135 297 145 360 182 344 147 315 144 297 152 352 195 339 168 319 158 304 158 
342 243 317 219 308 190 296 173 284 155 350 164 336 133 313 130 298 137 359 169 340 135 311 134 296 145 360 180 343 145 314 143 296 153 352 193 338 166 318 157 302 157 
342 242 317 218 309 189 296 172 283 154 351 162 336 132 313 129 298 137 359 168 339 133 311 134 295 145 361 179 343 144 314 143 296 152 352 192 338 165 318 156 302 155 
342 242 317 218 309 189 296 171 284 154 351 162 336 132 312 129 297 137 360 167 338 133 310 133 295 145 361 178 342 143 313 142 295 152 352 191 337 164 317 155 301 155 
342 241 317 216 309 187 296 170 284 152 352 161 336 131 312 128 297 136 360 167 338 132 310 132 295 144 361 178 342 142 313 142 295 152 352 190 336 163 316 155 301 155 
341 241 317 216 309 187 296 170 284 152 353 161 337 131 313 128 297 135 360 167 339 132 310 132 294 143 361 178 342 143 313 142 295 151 352 191 336 164 316 156 301 156 
341 240 316 216 308 187 296 169 283 152 351 160 335 130 312 127 297 135 360 166 337 131 309 132 294 143 360 177 340 142 312 142 295 152 351 190 335 163 316 155 301 156 
341 241 316 216 308 187 296 169 283 151 353 161 337 131 313 127 297 134 360 168 338 132 309 132 294 143 360 179 341 143 312 142 294 151 350 192 335 164 316 156 302 156 
341 241 315 215 307 186 295 168 283 150 353 160 336 130 312 127 297 134 360 166 336 132 309 132 294 143 360 178 339 143 311 142 294 151 350 190 333 163 314 155 300 155 
340 240 314 213 306 183 293 165 281 147 354 159 336 129 312 127 296 134 361 166 336 130 308 131 293 142 360 177 338 141 309 140 292 150 348 189 331 161 312 153 299 154 
341 239 315 213 306 184 293 166 280 148 352 159 334 128 310 125 295 133 359 165 334 130 306 131 292 142 358 176 337 141 308 140 292 150 348 188 331 161 312 154 299 154 
339 239 314 212 305 182 292 164 279 145 352 158 335 128 310 125 295 132 359 165 335 130 306 130 292 140 358 176 337 141 308 140 292 149 348 189 332 161 313 153 299 153 
339 238 313 211 305 181 292 163 279 145 353 157 334 127 310 124 294 132 360 163 334 129 306 129 292 139 359 174 336 139 308 138 292 148 347 187 331 159 312 151 298 151 
338 236 313 210 305 180 292 162 280 144 353 156 334 126 310 123 295 131 360 162 335 127 306 128 292 138 359 173 337 138 308 137 292 147 348 185 331 158 312 150 299 150 
338 235 313 208 305 179 293 161 281 143 354 155 335 125 310 123 295 130 361 162 334 126 306 127 292 137 359 172 336 137 308 136 292 145 348 184 331 157 313 149 300 149 
338 234 313 208 305 178 293 160 281 142 353 155 335 125 311 121 296 128 360 161 335 125 307 125 293 135 358 172 336 136 308 135 292 144 347 183 331 155 312 147 299 148 
339 232 313 206 305 177 293 159 281 141 354 153 336 122 311 119 296 126 361 159 336 123 308 123 294 133 359 170 337 134 309 133 293 142 348 181 331 153 312 145 298 146 
338 231 313 204 305 175 292 157 281 140 354 152 336 121 311 118 296 125 360 158 335 123 307 123 294 133 359 169 337 134 309 132 293 142 348 180 332 152 313 144 300 145 
339 230 313 204 305 175 292 157 282 139 353 151 336 120 312 117 297 123 360 157 336 121 308 121 294 132 359 167 337 132 309 131 293 140 348 179 331 150 312 143 299 144 
339 230 313 203 306 174 293 156 282 137 353 150 336 119 312 116 297 123 360 156 336 120 308 121 294 131 359 166 338 131 309 129 293 139 348 178 333 149 314 141 300 142 
339 229 313 203 306 173 293 155 282 136 353 149 336 118 311 115 296 122 360 155 336 120 308 120 294 130 359 166 338 130 309 129 293 139 349 178 333 150 314 142 300 143 
339 228 314 203 306 173 294 155 281 137 352 148 336 118 312 115 296 122 360 154 337 119 308 119 294 130 359 165 339 129 310 128 293 138 349 177 334 149 315 141 301 142 
339 229 314 203 306 174 293 155 282 137 352 149 336 118 312 115 297 122 359 154 337 119 309 119 294 130 359 164 339 129 310 128 294 138 349 176 333 148 314 141 300 142 
339 228 314 202 306 173 293 155 281 136 351 147 335 117 311 114 296 121 359 153 336 118 308 119 293 130 358 164 339 129 309 128 293 138 348 177 333 150 314 142 300 142 
338 228 313 203 305 174 292 156 280 137 351 149 335 118 311 115 296 122 358 155 336 118 308 119 294 129 358 165 339 129 310 128 293 137 348 177 333 148 313 141 299 142 
337 227 312 202 304 173 291 155 280 137 351 148 334 117 310 114 295 122 358 154 335 118 307 119 293 130 357 164 338 128 309 127 292 137 347 176 332 148 313 141 299 142 
338 227 312 202 303 174 290 157 279 139 349 148 333 117 309 114 294 122 356 154 334 118 307 119 293 129 356 164 337 128 308 128 292 137 347 176 331 148 312 141 298 143 
337 228 312 203 304 174 291 157 278 139 349 148 332 118 308 116 293 124 357 153 333 118 305 119 291 131 357 163 335 128 306 128 290 139 347 175 330 147 311 141 297 143 
337 226 311 202 303 174 289 156 278 139 349 148 332 117 308 115 293 124 357 153 333 117 305 120 292 131 356 164 335 128 306 128 291 139 346 176 330 148 311 141 297 143 
336 227 311 202 303 174 290 158 278 141 350 148 332 118 308 116 293 124 357 154 333 118 305 120 291 130 356 164 334 128 306 128 290 138 346 175 329 147 310 141 296 143 
338 227 311 202 303 174 289 156 278 140 351 149 333 118 308 116 293 123 357 154 332 118 305 119 292 130 356 164 333 128 305 128 290 138 344 174 326 146 307 139 294 141 
338 226 312 201 303 173 289 156 279 139 351 148 333 117 309 114 294 121 358 154 331 118 304 119 291 130 355 164 331 129 303 129 289 139 344 175 325 147 306 140 293 141 
339 225 312 199 303 171 290 154 280 137 352 148 334 116 310 113 294 120 359 153 332 116 304 117 292 128 356 162 332 126 304 126 290 136 344 172 326 143 306 136 293 138 
340 224 312 198 304 169 290 152 280 135 353 146 335 115 310 112 295 119 360 152 333 116 305 116 292 127 357 161 333 126 305 126 290 136 345 172 328 143 308 136 295 138 
340 222 313 196 304 168 291 151 281 133 353 144 335 113 310 110 296 117 360 150 334 114 306 115 293 125 358 160 334 124 306 124 292 134 346 170 328 141 308 134 295 136 
341 222 314 196 305 168 292 150 282 133 353 143 335 112 311 109 296 116 360 149 335 113 307 114 294 124 358 159 335 123 307 123 292 133 347 169 329 141 310 134 296 136 
340 221 314 196 306 167 294 150 284 132 352 142 335 112 311 108 296 114 360 147 335 113 307 114 293 124 359 158 337 123 308 122 292 132 349 169 333 141 313 133 298 133 
340 220 314 195 307 166 295 148 284 131 353 141 335 110 312 106 296 113 361 146 335 112 308 112 294 122 360 157 337 122 309 121 292 131 350 168 333 139 313 132 299 133 
340 220 314 195 307 165 295 148 285 131 353 141 336 110 312 107 297 113 361 146 336 111 308 112 294 122 360 156 338 121 309 120 293 130 350 167 333 138 313 131 299 132 
341 219 315 194 307 164 295 146 284 129 354 140 337 109 313 105 297 111 361 146 336 110 309 110 295 120 360 156 338 120 310 119 294 128 350 167 333 138 314 130 300 131 
341 218 314 194 307 164 295 146 284 128 354 140 337 109 314 105 298 111 362 145 337 110 310 110 296 120 361 155 339 120 311 119 295 128 350 167 334 139 315 130 301 130 
342 218 315 193 308 164 296 146 284 128 354 140 337 109 314 105 298 110 361 145 338 109 310 109 296 119 361 155 339 119 311 117 295 127 350 166 334 137 315 129 300 129 
341 218 315 193 308 163 295 144 284 127 355 139 338 109 315 105 299 111 362 145 338 110 310 110 296 119 361 155 339 119 311 118 294 127 350 166 334 137 315 129 300 129 
343 216 316 192 308 162 296 144 284 127 354 139 338 107 314 103 299 110 362 145 339 108 311 108 297 118 361 154 341 118 312 116 295 125 350 165 335 137 315 128 300 129 
342 216 316 192 308 162 296 144 285 126 356 140 340 110 317 105 301 110 363 145 340 110 312 109 297 118 361 155 341 119 313 116 296 124 350 166 336 137 317 128 302 127 
342 214 316 189 308 161 295 143 285 125 356 139 340 108 317 103 300 108 363 144 340 108 312 107 297 116 361 153 340 117 312 115 295 124 350 163 334 135 315 127 300 127 
342 213 316 189 308 160 296 142 286 125 356 139 340 108 316 103 301 108 363 143 340 107 312 106 298 116 361 152 340 116 312 114 296 123 350 162 335 134 315 125 301 126 
343 211 316 187 308 159 296 142 287 125 357 137 342 106 318 100 302 105 363 143 340 106 312 105 299 115 361 151 339 115 311 114 296 123 350 161 333 131 314 124 300 125 
343 211 317 186 309 158 296 141 287 124 357 138 341 105 317 100 301 106 363 143 340 106 312 105 299 115 361 152 339 115 311 113 296 122 349 161 333 131 314 123 300 124 
342 210 316 186 308 158 296 140 287 123 356 137 341 105 318 99 302 104 363 142 340 105 313 104 299 113 361 150 340 114 312 112 296 120 349 159 334 130 314 122 300 123 
341 209 317 185 309 158 296 140 286 123 356 136 342 105 319 99 303 104 363 141 341 104 314 103 300 112 361 150 341 114 313 111 297 119 349 159 335 130 316 122 301 122 
341 208 317 185 309 157 296 140 287 123 358 136 343 104 320 98 304 103 364 141 342 104 315 102 301 111 361 150 342 113 314 110 298 118 349 159 335 129 316 121 302 121 
341 207 317 183 309 156 297 139 288 123 357 135 344 101 321 96 305 102 363 141 343 104 316 102 303 111 361 151 343 114 315 111 300 118 349 160 336 131 317 122 304 122 
342 206 317 181 309 154 297 137 288 121 358 134 345 100 322 96 308 102 364 140 345 102 318 103 306 112 362 150 345 112 317 111 304 120 350 160 338 130 319 122 306 123 
342 205 317 181 310 153 298 135 290 120 359 133 346 99 323 97 310 104 365 139 346 101 318 103 308 113 363 148 346 110 318 110 306 120 351 158 339 128 320 121 309 124 
343 204 318 180 311 152 299 134 291 119 358 132 346 98 323 97 311 106 364 139 346 101 319 104 309 115 363 148 346 111 319 112 308 122 352 158 341 128 322 122 310 125 
343 204 317 179 311 151 300 133 292 118 360 132 346 98 323 99 311 108 366 138 345 100 318 104 309 116 364 147 345 108 318 111 309 123 353 155 340 125 321 121 310 126 
344 203 317 178 311 150 301 132 293 118 360 131 346 98 323 99 311 108 366 137 344 99 318 105 310 117 364 146 344 108 318 112 310 125 353 154 339 123 319 122 310 129 
343 202 317 176 311 148 301 131 294 116 359 129 344 97 321 100 311 110 365 136 343 99 317 106 310 119 364 145 343 107 317 113 310 126 353 154 339 123 320 122 311 130 
344 202 317 176 311 148 301 131 293 116 358 129 344 97 321 99 311 109 364 136 343 99 317 105 310 118 363 144 344 106 318 112 310 126 354 152 339 122 320 122 312 130 
344 201 318 176 312 148 302 130 293 115 360 129 345 97 322 99 312 109 366 136 343 98 317 105 311 118 364 144 343 106 318 113 311 126 354 152 339 121 319 121 312 130 
344 200 317 174 311 147 302 129 294 115 360 128 345 96 322 99 312 109 366 134 343 97 317 105 311 118 364 143 342 105 317 112 311 127 354 150 338 120 319 121 311 131 
343 199 317 174 312 146 302 128 294 113 360 127 343 95 320 98 311 108 366 134 342 97 316 105 310 118 364 143 342 105 317 112 310 126 354 151 339 120 319 120 311 128 
343 199 317 173 312 145 303 128 295 114 361 127 344 96 321 100 312 110 367 134 341 97 316 106 311 120 365 142 341 105 316 113 310 127 354 149 337 119 318 119 311 129 
343 198 317 172 311 145 302 126 295 112 361 127 343 96 321 100 313 110 367 134 341 98 317 107 312 121 365 142 341 106 317 114 312 128 354 150 337 120 319 121 312 130 
343 197 316 172 311 145 302 126 295 111 361 126 344 95 321 99 313 108 367 132 340 96 316 106 311 120 365 141 339 105 316 113 311 128 354 148 335 119 317 120 311 130 
341 197 316 172 311 144 302 126 294 111 362 125 343 95 321 99 312 108 367 133 340 97 316 106 311 119 365 141 340 105 316 113 311 126 354 149 335 119 317 120 311 128 
342 196 316 171 311 143 302 125 293 111 362 125 343 94 321 98 312 107 368 132 341 96 317 105 312 119 365 141 340 104 317 112 312 126 354 149 335 118 318 118 312 127 
341 195 316 170 311 142 301 124 293 110 362 124 343 93 321 96 312 105 368 131 341 95 317 104 312 118 365 140 340 103 317 111 312 125 354 147 335 117 317 117 312 126 
341 193 316 168 311 141 302 122 293 108 362 122 343 91 321 95 312 104 368 129 341 94 317 103 311 116 366 138 340 102 317 110 311 123 355 145 336 116 318 116 311 125 
341 192 316 167 311 139 301 121 294 107 363 122 345 91 322 94 313 103 368 129 342 93 317 102 312 115 366 138 341 101 317 108 311 122 354 145 336 115 318 114 311 122 
341 191 315 166 310 138 301 120 294 106 362 119 343 88 321 92 313 102 368 127 341 91 317 100 312 114 365 135 340 99 317 107 311 121 354 143 336 112 318 113 312 122 
341 190 315 166 310 137 300 119 293 105 362 118 343 87 320 91 312 101 368 125 341 89 316 99 311 113 365 134 340 97 316 106 311 120 354 141 335 111 317 112 311 121 
340 190 315 166 309 137 300 119 292 106 362 117 342 86 320 91 311 101 368 125 339 89 315 99 311 113 365 133 339 97 315 106 311 120 354 141 334 111 316 112 311 120 
339 191 315 167 309 138 299 120 292 106 361 118 341 87 319 91 311 102 367 125 339 90 315 100 310 114 364 134 338 98 315 107 311 121 352 143 334 113 317 113 311 121 
338 192 314 166 308 138 299 120 294 107 361 118 341 88 318 93 310 103 366 125 338 91 314 101 310 115 363 134 336 98 314 108 309 122 351 142 332 112 314 113 309 123 
338 192 313 166 308 138 299 120 293 108 360 118 339 88 317 93 309 103 365 126 337 92 313 101 308 116 362 135 335 100 313 109 307 123 350 144 331 115 314 116 307 124 
337 193 313 168 306 140 297 122 294 110 358 120 338 89 315 94 308 104 363 127 335 92 312 102 308 117 360 136 333 101 311 110 307 125 349 144 329 114 312 116 306 125 
337 194 312 169 306 140 297 122 293 110 359 120 337 89 315 95 308 106 364 127 335 93 312 104 308 118 360 136 332 100 311 111 307 126 348 144 327 114 310 117 305 127 
337 193 312 168 306 140 297 122 293 111 358 120 337 89 315 95 307 105 363 127 335 92 312 103 308 118 360 136 332 100 311 111 307 126 348 144 327 113 310 116 305 127 
337 194 312 169 306 141 297 123 293 111 358 120 337 90 314 95 306 106 363 127 334 93 311 104 307 119 359 136 332 101 310 111 306 126 348 144 328 114 311 116 304 125 
338 193 312 169 306 141 297 123 292 111 358 121 337 90 315 94 307 104 363 128 334 93 311 102 306 117 360 136 332 101 310 110 305 125 348 144 327 114 309 116 303 126 
337 193 312 169 306 140 297 123 292 110 358 121 338 90 315 95 307 104 363 127 334 93 311 103 307 117 360 136 332 100 310 111 305 125 348 143 327 113 309 115 303 125 
338 192 312 167 306 139 297 122 292 110 359 119 337 89 315 93 308 103 364 126 335 92 311 102 307 116 361 135 332 99 310 109 305 123 349 142 327 112 309 114 303 123 
338 190 312 166 306 138 297 121 293 109 359 119 340 88 318 91 309 101 364 125 336 90 313 100 308 114 361 134 334 98 311 107 306 122 349 140 329 110 311 112 304 122 
338 188 312 164 306 137 297 119 293 108 360 116 340 86 318 90 310 99 366 123 337 88 313 98 309 112 362 132 335 96 312 105 307 120 350 139 330 109 312 110 306 119 
338 186 312 162 306 134 298 117 293 105 360 114 341 83 319 87 311 97 365 121 338 86 314 96 309 109 362 130 336 95 313 103 308 117 351 137 331 107 313 108 306 117 
338 184 313 161 307 133 298 116 292 103 359 113 340 81 319 85 310 94 364 120 338 83 314 92 308 106 361 128 336 91 313 99 307 114 350 134 331 103 313 104 306 114 
338 183 312 160 306 132 297 115 291 103 358 113 341 81 318 84 309 94 363 119 338 82 313 90 306 104 361 127 337 89 312 98 305 112 350 133 331 102 312 103 305 113 
337 182 312 159 306 132 296 114 291 103 358 113 340 81 318 84 308 94 363 119 338 82 312 90 306 105 360 127 337 89 312 97 306 112 349 133 332 102 313 103 306 112 
336 181 311 158 305 131 296 114 291 102 359 112 341 81 319 83 309 93 364 118 339 81 313 89 306 103 361 126 337 88 312 96 305 111 349 132 331 100 312 101 304 111 
335 180 310 156 306 129 297 112 291 101 359 112 342 80 319 83 310 92 364 119 340 81 314 89 307 103 360 126 338 88 313 95 306 110 349 132 332 99 313 101 306 111 
335 181 311 156 307 130 298 113 292 100 360 114 344 82 321 83 311 92 365 120 341 82 315 88 307 101 362 127 340 88 315 95 306 109 351 132 334 99 315 100 307 109 
335 179 311 155 308 128 300 111 295 99 362 113 346 81 324 82 313 91 367 120 343 81 318 87 310 100 364 127 341 88 316 94 308 108 352 131 335 99 316 99 308 108 
336 178 313 154 309 127 302 110 296 97 363 114 349 80 326 81 315 90 368 120 345 80 320 86 311 99 364 126 342 86 318 92 309 107 353 130 336 97 317 97 308 107 
335 178 312 154 309 127 302 109 297 95 363 113 349 80 327 81 315 89 367 119 345 80 320 85 311 98 364 125 343 86 318 92 309 106 353 129 336 96 318 96 308 105 
335 176 311 152 309 125 302 108 297 94 363 113 350 80 327 80 316 89 368 118 347 79 321 84 312 97 365 124 344 85 319 90 310 104 354 128 338 95 319 95 309 104 
334 176 312 150 310 124 303 106 298 94 364 113 350 80 328 80 316 88 369 119 347 79 322 83 312 96 365 124 345 84 320 89 310 103 354 128 339 94 320 94 310 103 
335 175 312 150 310 124 303 106 298 94 364 112 352 79 329 79 317 87 369 118 348 78 322 83 313 96 365 124 345 84 321 89 311 102 354 127 339 94 320 93 310 102 
335 175 313 150 311 123 304 105 299 93 365 111 352 78 329 79 318 86 369 117 349 78 323 82 314 95 366 123 346 83 321 88 312 101 354 127 340 93 321 92 312 101 
335 174 313 148 311 121 304 104 299 91 365 111 352 78 330 78 319 85 370 117 350 77 324 82 315 94 366 123 347 83 323 87 313 101 355 126 340 93 322 92 313 101 
335 173 314 148 312 121 305 103 300 91 366 110 353 76 330 76 319 83 370 116 349 76 324 81 315 93 366 123 346 82 322 86 313 99 354 126 339 93 321 91 312 98 
335 172 313 147 312 119 305 101 299 89 366 109 352 75 330 76 319 83 370 115 349 75 324 80 316 92 365 121 346 81 322 85 313 99 354 125 338 91 320 90 311 98 
335 172 314 146 313 119 306 101 300 89 366 109 353 76 331 75 319 83 370 116 350 75 325 79 316 91 366 122 347 81 323 85 314 98 354 125 340 91 322 89 313 98 
335 170 315 145 314 118 305 99 300 87 367 107 354 74 332 73 321 79 370 113 351 74 326 77 318 89 366 119 347 80 323 83 314 96 354 123 339 90 321 88 313 96 
335 169 315 143 313 116 305 98 300 85 368 107 355 73 332 73 321 80 371 113 351 73 326 77 317 88 367 119 348 79 324 82 314 95 354 122 340 89 322 86 313 94 
336 168 316 142 314 115 306 97 301 85 368 106 356 73 333 72 322 78 371 112 352 72 327 75 318 87 367 118 349 78 325 81 315 93 355 121 341 87 323 85 314 93 
336 167 316 141 314 114 306 96 301 83 368 106 356 72 333 71 322 79 371 112 352 71 327 75 319 87 367 118 349 77 325 81 316 93 355 121 341 87 323 84 314 92 
337 167 316 141 314 114 306 96 301 83 368 105 356 71 334 70 323 78 372 111 352 71 328 74 319 86 368 117 349 76 325 80 316 92 355 120 341 86 323 84 314 92 
337 166 317 140 314 113 306 95 302 82 369 104 357 70 334 70 323 77 372 110 353 70 328 73 320 85 367 116 349 76 325 79 317 92 355 119 341 85 323 83 315 92 
337 165 316 139 314 113 306 95 302 82 368 104 357 70 334 69 323 76 372 110 352 70 327 73 318 85 368 116 349 75 325 79 316 92 355 119 341 85 323 83 314 91 
337 166 316 140 314 113 306 95 301 81 368 104 356 71 333 70 322 77 372 110 352 70 327 73 318 85 367 116 349 76 325 79 315 92 356 119 341 86 323 83 314 91 
336 167 316 141 313 114 305 96 300 83 369 104 354 71 331 71 320 78 372 110 351 70 326 74 318 87 368 116 348 76 324 80 315 93 355 120 340 86 322 84 313 92 
336 168 315 142 312 115 303 97 297 85 367 104 352 70 330 71 318 78 372 110 349 71 324 75 315 87 367 117 346 77 322 81 313 94 355 121 339 87 321 85 312 92 
336 170 313 144 310 116 302 98 295 86 366 104 349 71 326 72 316 79 371 111 347 71 321 76 313 88 366 117 344 77 320 82 311 95 354 121 338 88 319 86 311 94 
335 171 312 146 309 118 301 100 293 88 364 105 347 73 325 74 314 81 369 112 345 72 320 78 311 90 364 118 342 78 318 84 310 97 352 122 336 89 318 88 309 96 
335 172 311 147 308 120 300 102 293 89 361 105 345 73 322 74 312 83 366 112 343 73 317 79 308 92 362 118 340 79 316 85 307 98 350 123 335 91 316 89 307 97 
334 174 310 149 306 121 298 104 291 91 358 105 342 74 319 76 309 85 364 112 340 74 314 80 305 94 361 118 338 80 313 86 304 101 350 124 333 92 314 91 305 99 
333 176 309 152 304 124 296 107 289 93 357 107 340 75 317 77 307 86 362 113 338 75 312 82 304 96 359 119 336 80 311 88 303 103 348 124 331 92 312 92 303 102 
333 176 308 152 302 125 294 107 288 95 354 108 338 76 315 79 306 88 359 114 336 76 311 84 303 98 357 121 335 82 310 90 303 105 346 126 330 95 311 95 303 104 
331 178 306 155 300 128 291 110 285 96 352 110 336 79 314 81 304 90 358 115 334 78 308 86 301 100 356 121 333 84 308 92 301 107 346 127 328 96 310 97 302 107 
331 179 305 155 299 128 290 110 285 97 350 111 335 79 313 82 303 92 356 116 332 79 307 87 300 101 354 123 332 85 307 93 299 108 344 128 327 97 308 98 300 107 
330 179 305 155 299 128 289 110 284 97 350 111 333 80 311 83 302 92 355 117 331 80 306 87 299 102 354 123 330 86 306 94 299 108 344 128 326 98 307 99 299 108 
330 179 305 156 298 129 288 112 283 99 350 112 333 81 311 85 302 94 356 117 331 81 306 89 299 103 354 124 330 87 306 95 299 110 343 129 325 99 307 100 299 110 
329 179 304 157 297 131 288 114 281 100 348 112 333 81 311 84 302 94 354 118 331 82 305 90 298 104 353 125 330 89 305 97 298 111 343 131 326 101 307 102 299 110 
329 182 303 160 296 134 287 116 280 101 346 114 330 83 309 87 299 97 353 119 329 83 303 92 295 106 353 126 329 90 304 98 295 113 344 132 326 102 306 103 297 111 
329 185 302 163 295 137 285 119 277 104 344 115 328 84 307 89 297 100 351 120 326 85 301 94 293 109 351 126 327 91 302 100 294 115 343 133 325 103 305 104 296 113 
329 187 301 166 294 140 284 122 275 107 342 117 324 86 303 91 294 102 349 121 323 87 298 96 290 110 349 127 324 92 299 102 291 117 342 134 324 105 304 106 294 114 
329 189 300 169 292 142 282 125 272 109 338 117 321 86 300 92 291 103 346 121 320 88 295 98 287 112 347 128 322 95 296 104 287 120 341 135 322 108 302 109 292 117 
330 192 300 172 291 146 281 129 273 112 332 120 320 88 301 91 290 101 340 123 319 90 294 99 286 113 343 130 321 96 296 105 287 121 339 137 320 110 300 111 290 120 
328 194 300 174 291 146 280 129 271 111 333 121 319 91 299 93 288 103 341 124 319 91 294 99 286 113 344 131 321 97 296 105 286 121 338 139 320 112 299 112 288 120 
327 194 299 173 290 146 280 129 271 112 335 122 319 92 298 95 289 105 342 125 318 92 294 100 286 113 344 131 320 97 295 106 286 122 338 139 319 112 298 113 288 122 
328 194 300 173 292 146 281 129 272 113 336 122 319 92 298 95 289 105 344 126 318 92 293 100 285 113 345 132 320 98 294 107 284 122 338 140 319 113 298 113 287 121 
327 193 299 173 291 145 281 128 272 112 336 121 319 91 298 94 289 104 344 125 318 92 293 100 285 113 346 133 320 99 294 106 284 121 338 140 319 113 298 113 287 121 
328 193 300 173 292 145 282 128 274 113 337 122 320 90 299 94 290 103 344 126 319 92 293 100 285 113 345 133 320 99 294 107 284 122 338 141 319 113 299 113 288 121 
328 193 300 172 293 144 282 127 274 113 341 121 322 91 301 93 291 103 348 126 319 91 294 100 286 114 347 134 319 98 294 107 285 122 337 141 317 113 297 113 287 120 
329 191 302 168 296 140 286 122 276 107 345 121 326 89 303 92 293 102 350 127 323 90 297 98 290 111 348 135 322 99 296 105 288 119 336 143 319 114 300 112 290 117 
330 189 305 166 298 138 287 120 279 106 349 119 328 87 305 90 296 100 353 126 325 89 300 96 293 110 349 135 323 98 298 104 291 117 336 143 318 113 300 111 291 116 
330 187 306 162 300 135 289 116 283 102 351 120 333 87 310 88 300 96 355 127 329 88 304 95 297 108 349 136 326 98 301 103 294 116 335 144 320 114 303 109 294 112 
331 185 307 160 301 132 291 114 285 101 353 118 335 86 313 87 304 95 356 126 331 88 307 94 301 106 350 135 327 97 304 102 297 114 336 143 320 112 303 109 295 115 
331 183 308 158 302 131 292 113 287 98 354 117 336 84 314 86 304 94 358 125 333 87 308 92 301 104 352 134 329 96 305 101 298 113 338 142 322 111 305 108 297 113 
332 182 309 156 304 129 293 111 288 98 356 116 338 83 316 84 306 92 360 123 334 85 310 91 304 102 354 133 330 96 307 99 300 110 340 141 324 110 307 106 299 110 
333 182 310 155 305 129 295 110 289 97 355 114 338 81 316 83 306 92 359 122 334 85 310 91 303 102 354 133 331 96 309 100 301 110 341 141 327 111 310 106 301 108 
333 182 311 155 306 128 296 110 292 98 358 115 342 82 320 82 309 90 361 123 338 84 313 88 305 99 356 132 333 94 310 98 302 109 342 140 327 109 309 105 301 109 
336 180 313 154 308 126 298 107 293 97 359 113 342 80 320 79 310 87 363 122 339 83 315 86 307 97 357 132 335 94 312 96 304 106 342 140 328 110 311 104 303 108 
337 180 315 153 310 125 300 106 295 96 362 111 342 79 319 81 310 90 366 120 339 82 315 87 309 98 360 131 335 94 313 96 306 107 345 139 328 109 312 104 304 107 
338 179 316 151 312 124 303 105 298 94 362 111 346 78 323 78 313 86 366 119 343 82 318 84 311 95 360 130 339 93 317 94 309 103 346 138 332 109 317 101 308 103 
341 179 319 151 315 123 307 104 301 91 365 112 350 77 327 77 316 85 368 119 347 81 322 83 315 93 362 129 343 92 321 92 312 101 348 137 336 107 320 100 310 102 
343 178 320 149 317 122 308 102 303 88 368 110 353 76 330 75 320 83 371 118 349 79 325 81 318 91 365 127 346 90 324 90 315 100 351 135 338 105 322 97 312 99 
345 177 322 148 318 121 309 101 305 87 370 110 357 75 334 73 323 80 373 117 354 78 329 79 320 88 368 127 350 89 327 87 317 97 354 134 342 103 325 95 314 97 
346 175 323 148 319 120 311 101 306 85 372 110 360 75 338 72 326 79 375 117 357 77 332 77 323 87 369 126 353 87 329 86 319 95 355 132 343 102 326 94 316 96 
347 174 324 146 319 119 310 99 306 82 373 109 362 75 340 71 328 77 376 116 359 76 333 76 324 86 372 124 355 85 330 85 320 95 358 130 346 99 328 92 318 95 
347 171 324 144 319 118 310 98 307 82 374 109 363 74 341 72 329 79 378 115 359 75 334 76 324 86 373 122 356 84 331 84 321 95 359 128 347 97 329 91 319 94 
347 170 325 143 320 116 311 97 307 80 375 107 363 73 341 70 330 78 379 114 359 74 334 76 325 86 374 122 356 84 331 84 321 94 361 128 348 99 331 91 321 93 
347 168 325 141 321 115 312 96 309 80 376 107 365 73 343 71 331 78 380 113 361 74 336 75 326 85 376 121 357 83 333 83 323 93 362 127 349 96 331 90 322 94 
349 167 327 141 323 115 314 96 310 80 379 106 367 73 345 70 333 77 382 113 364 73 337 74 328 85 377 120 360 82 335 82 325 92 364 126 350 95 333 90 324 95 
349 166 327 141 324 114 316 95 313 80 380 106 368 73 346 70 335 77 384 113 365 73 339 74 329 84 379 121 361 82 336 82 326 91 365 126 352 95 335 89 326 94 
349 164 328 138 325 112 317 93 315 77 381 105 370 71 348 69 336 75 385 112 366 73 340 74 330 84 380 119 362 81 338 81 328 91 367 125 354 93 336 88 327 93 
349 164 329 138 327 111 319 92 315 77 383 104 370 70 348 68 337 76 387 111 366 72 340 74 332 86 381 120 362 80 338 82 329 92 368 125 355 94 338 88 329 92 
350 164 329 138 327 111 320 93 317 77 384 103 371 70 349 68 337 76 387 111 367 71 341 74 331 85 382 119 363 80 339 81 329 91 369 125 356 94 339 88 330 91 
351 165 330 138 328 112 320 93 317 77 384 104 372 70 350 68 338 75 387 111 368 71 342 73 332 84 382 119 364 80 339 81 328 91 370 124 356 93 338 88 329 92 
352 167 331 140 329 112 321 93 317 78 384 104 372 70 349 69 338 76 387 111 367 72 342 74 332 85 382 119 364 80 340 81 330 92 370 125 356 93 339 88 329 92 
352 168 331 140 328 113 321 94 317 78 384 105 372 71 350 68 338 75 387 112 368 72 342 73 332 84 382 119 363 80 339 81 329 92 370 124 355 92 338 88 329 93 
352 167 331 140 328 113 321 94 318 77 384 105 373 71 351 68 339 75 388 112 369 72 343 73 333 84 383 119 364 80 340 81 330 91 370 124 356 92 338 87 329 92 
351 167 331 140 329 113 322 94 318 78 385 105 373 71 350 68 338 75 388 112 368 72 343 74 333 84 383 119 364 80 340 81 330 91 370 124 356 92 339 87 330 91 
352 167 331 139 329 112 321 93 318 77 384 104 373 70 351 67 339 74 387 112 369 72 343 73 333 83 382 119 364 80 340 81 330 91 370 124 356 93 339 87 330 92 
352 167 331 140 329 112 322 93 317 78 385 104 372 70 350 68 338 76 389 111 369 71 343 73 333 84 383 119 365 79 340 80 331 91 370 124 356 91 339 87 331 93 
352 166 331 139 330 112 322 93 319 77 384 104 373 70 351 67 339 74 388 111 370 71 344 72 334 82 383 118 366 79 341 79 331 90 370 123 356 92 339 87 330 92 
352 167 331 139 329 113 321 94 318 77 385 105 374 72 352 69 339 75 388 112 371 71 345 72 334 83 383 118 367 79 342 80 332 90 370 123 358 91 340 87 330 92 
352 165 332 138 330 112 323 93 319 78 385 105 374 70 352 67 339 73 388 111 370 71 344 71 333 81 383 118 366 78 341 79 330 89 370 123 357 90 339 86 330 92 
352 165 331 139 329 112 322 93 320 78 383 104 375 70 353 66 340 73 387 111 370 71 345 71 334 81 383 118 366 79 342 79 330 89 371 122 358 90 340 86 330 91 
353 167 332 140 330 113 322 95 319 78 385 105 375 71 353 67 340 73 388 111 371 71 345 70 333 80 383 118 367 78 342 78 330 88 371 122 358 90 340 85 330 91 
352 165 332 140 330 113 323 94 320 78 384 104 374 69 353 65 340 72 388 111 372 70 345 70 334 80 384 118 368 78 342 77 331 87 371 123 359 91 341 84 331 87 
353 166 332 140 329 113 323 95 320 79 384 105 374 70 352 67 339 73 388 111 371 71 345 70 334 80 383 117 368 78 343 77 330 87 371 122 359 89 341 83 330 87 
352 165 331 139 329 113 322 95 320 79 384 105 375 70 353 66 340 72 388 111 372 71 346 70 334 80 383 118 368 78 343 77 330 87 371 122 359 91 341 85 331 88 
352 164 331 139 329 113 322 94 320 79 383 104 375 70 353 66 340 72 387 111 372 71 346 70 334 80 383 117 368 78 343 77 330 87 371 122 359 90 341 84 330 88 
352 164 331 139 328 113 322 95 320 79 384 105 375 70 353 66 340 72 388 110 372 70 346 70 334 79 384 117 368 77 343 77 330 87 372 121 359 89 341 83 330 87 
353 165 332 139 330 113 322 95 320 79 384 105 375 70 353 66 340 72 388 111 372 70 346 70 333 79 384 117 368 77 343 76 330 86 372 121 360 89 341 83 330 87 
353 164 332 139 330 113 323 95 321 79 385 105 375 71 354 66 341 71 389 111 372 70 346 69 335 78 384 117 368 77 343 76 331 86 372 121 359 89 341 83 330 87 
354 164 333 139 330 113 323 95 321 79 384 105 376 70 355 65 342 71 388 110 373 70 347 69 335 79 384 116 368 77 343 76 331 86 372 120 360 88 342 82 331 86 
354 163 333 139 331 113 324 95 321 79 385 104 376 70 355 66 341 72 389 110 373 69 346 69 334 79 385 116 369 76 343 76 331 86 373 120 361 88 342 82 330 86 
355 163 333 139 332 113 325 95 322 78 385 104 376 69 355 65 342 71 389 110 373 69 347 69 335 79 384 116 369 76 344 75 332 86 372 120 361 87 343 81 331 85 
356 163 334 139 332 113 325 94 322 77 386 104 377 69 356 64 343 70 390 109 374 69 348 68 336 77 386 115 370 76 345 74 332 84 374 119 362 87 344 81 332 84 
356 161 335 137 333 111 327 93 324 75 386 103 378 69 358 63 345 68 390 108 376 68 350 66 338 75 386 114 372 75 346 73 334 83 374 118 362 86 344 80 332 84 
356 160 336 136 334 110 327 92 325 74 387 102 379 67 358 62 345 67 391 107 377 66 351 65 339 74 387 113 373 74 348 72 335 82 376 117 364 85 345 79 333 83 
357 159 336 134 335 109 328 91 326 74 387 100 378 66 357 62 344 68 391 106 376 66 350 66 338 76 388 112 373 73 348 73 335 84 377 116 365 85 347 78 335 82 
357 158 336 134 334 109 328 91 326 74 386 99 378 65 357 62 344 68 391 105 375 65 350 66 338 76 388 111 373 72 347 72 335 83 377 115 365 84 347 77 335 81 
358 158 336 134 334 109 328 91 326 73 385 98 378 64 357 60 344 67 390 103 376 64 350 64 338 75 388 110 373 71 348 71 335 83 377 114 365 83 347 77 335 82 
358 159 336 134 334 109 327 91 325 74 386 98 378 64 357 60 344 66 390 103 375 64 349 64 337 74 388 109 373 70 347 71 334 82 378 113 365 82 346 77 334 82 
358 159 336 134 334 109 327 91 325 73 385 98 377 64 356 60 343 66 390 103 375 63 349 63 337 73 388 109 372 70 347 70 334 81 377 113 365 82 346 77 334 82 
357 158 336 134 334 108 327 90 325 73 385 98 377 64 356 60 343 65 390 103 375 63 349 63 337 73 388 109 372 70 346 71 334 82 378 113 364 81 345 77 333 83 
358 158 335 134 333 109 326 91 325 74 384 98 377 65 356 61 343 68 390 103 374 63 348 64 336 74 388 108 371 69 346 71 333 83 378 112 365 81 346 77 333 82 
357 159 336 135 333 110 326 92 324 75 384 98 376 65 355 62 342 68 389 103 373 64 347 65 335 76 387 109 371 71 346 72 333 84 377 114 365 83 346 78 334 83 
357 160 336 136 333 111 326 93 324 76 384 100 375 66 355 63 342 70 389 105 373 66 347 66 335 77 387 111 371 72 345 73 333 84 377 115 365 85 346 79 334 82 
356 161 334 137 332 112 325 94 323 77 384 101 375 67 354 64 342 70 389 106 373 66 347 67 335 77 387 111 371 73 345 74 332 85 377 116 364 84 344 80 333 85 
356 162 335 138 332 113 325 95 322 78 384 102 375 69 355 65 342 71 389 107 373 68 347 68 335 78 387 113 371 74 345 75 333 86 377 117 364 86 345 81 333 85 
355 162 334 138 332 113 325 95 323 79 384 104 376 71 356 67 342 72 389 109 374 69 348 69 336 79 387 114 371 75 346 76 334 87 376 118 364 86 345 82 333 87 
355 163 333 140 331 114 324 97 322 80 384 105 375 71 354 68 341 74 389 110 373 70 347 70 335 80 387 115 370 76 345 77 333 88 377 119 363 87 344 83 333 89 
354 164 333 141 331 115 324 98 322 81 383 106 375 72 355 68 341 74 388 111 373 71 348 71 335 81 386 117 371 78 346 78 333 89 376 121 364 89 345 84 333 89 
354 165 333 142 330 116 324 98 322 82 384 107 376 74 355 69 341 75 389 112 374 72 348 71 335 81 387 117 371 78 346 78 333 88 376 121 363 89 344 84 332 89 
354 166 332 142 330 117 323 99 320 82 383 107 375 74 355 70 341 75 389 112 373 73 348 72 335 81 387 118 370 79 345 78 332 89 376 121 363 89 344 84 331 89 
353 166 332 142 330 117 323 99 320 83 384 107 375 74 355 69 341 74 389 112 372 74 347 73 334 82 387 118 369 80 344 79 331 89 376 122 362 90 343 84 331 88 
353 166 332 143 329 118 322 100 319 83 383 108 376 75 355 70 342 74 389 113 372 73 346 73 334 83 386 118 368 79 343 79 330 90 376 121 362 89 343 84 330 88 
353 166 332 142 329 118 321 100 319 83 384 108 375 74 355 69 341 74 389 113 371 74 345 74 333 83 386 118 367 80 343 80 330 91 375 122 361 90 342 85 330 89 
353 166 331 142 328 116 321 99 318 83 383 107 374 74 354 71 340 76 388 113 370 74 344 74 332 84 385 118 366 79 342 80 329 90 375 121 360 90 341 84 329 89 
353 166 332 142 329 116 321 98 319 82 384 108 375 74 354 70 340 76 388 113 371 74 345 74 333 84 385 118 367 80 342 80 329 91 374 122 359 91 341 86 329 91 
353 166 332 142 329 118 322 100 319 84 385 108 375 75 354 71 341 76 389 113 371 75 345 75 333 84 385 119 367 80 342 81 330 91 374 122 359 91 341 86 329 91 
354 167 332 144 330 118 322 100 319 84 385 108 375 75 354 71 340 76 389 114 370 74 344 75 332 84 386 119 366 81 342 81 329 91 374 123 360 91 341 85 329 90 
354 168 332 145 329 119 322 101 319 85 384 110 375 76 355 72 341 77 388 115 370 76 345 76 333 85 385 120 366 82 342 82 329 93 373 124 359 92 341 87 329 91 
354 169 333 145 329 120 321 102 318 85 385 110 375 76 353 72 340 77 389 115 370 75 344 76 333 86 385 120 366 81 341 82 329 94 374 124 358 92 340 87 328 93 
354 168 332 144 328 119 320 101 318 85 383 110 374 76 353 72 340 78 388 115 370 76 344 76 332 86 384 120 366 82 341 82 329 94 373 124 359 93 340 88 328 93 
354 169 332 145 328 120 320 102 317 86 384 110 373 77 352 74 339 80 388 115 369 76 344 77 332 87 384 121 365 82 341 83 329 94 373 124 358 93 339 88 328 94 
354 168 331 145 328 120 320 102 317 86 384 110 374 77 354 72 340 76 388 115 369 76 344 76 332 86 385 120 365 82 340 83 328 93 373 124 357 92 339 88 328 93 
355 169 332 145 328 119 320 101 317 86 384 109 373 76 352 73 339 78 388 115 368 76 343 77 332 87 385 120 364 82 340 83 328 94 373 124 358 93 339 88 328 93 
354 169 331 145 327 120 320 101 317 85 383 109 373 76 353 72 340 78 388 114 368 75 343 76 331 87 385 120 364 81 340 83 328 94 373 123 357 92 339 88 327 93 
354 169 332 145 328 120 320 102 317 86 383 110 373 77 352 73 339 79 388 114 369 76 343 76 331 87 384 120 365 82 340 83 328 94 373 123 357 92 338 88 327 94 
355 168 332 145 328 120 320 102 317 86 383 110 374 77 353 72 340 77 388 115 369 76 343 76 331 86 385 120 365 82 340 82 328 93 374 124 358 93 339 88 327 94 
355 168 332 145 328 120 321 102 318 86 383 109 373 76 352 72 339 78 388 114 369 75 344 76 332 86 385 120 365 82 340 82 328 93 374 124 358 93 339 88 327 93 
355 167 333 144 329 119 321 102 317 86 384 109 374 75 352 72 339 77 389 114 370 75 344 76 332 86 385 120 366 82 341 82 328 93 374 124 359 94 340 88 329 93 
354 168 333 144 329 119 321 102 318 86 384 109 374 76 353 72 340 78 389 114 369 76 344 76 333 86 385 120 365 82 341 83 329 94 374 124 358 92 340 87 329 93 
354 167 332 144 328 119 320 101 318 85 383 108 373 75 352 72 340 78 388 114 369 75 343 76 332 87 384 120 365 81 341 83 329 94 373 124 359 93 340 88 329 92 
354 168 331 144 327 119 319 101 317 85 383 109 373 76 352 73 339 78 388 114 370 75 344 76 332 86 385 119 366 81 341 82 329 94 374 123 358 92 340 89 329 95 
354 168 331 144 327 119 319 101 316 85 383 109 373 76 352 72 339 77 388 114 369 76 343 76 332 86 385 120 365 82 340 83 329 94 373 124 358 93 340 89 329 94 
354 168 332 144 328 119 320 101 317 86 384 109 373 76 351 72 339 78 388 115 369 76 343 77 332 86 384 121 365 83 341 83 329 93 372 125 359 95 341 89 330 93 
352 169 331 146 326 120 318 102 316 87 381 111 372 77 351 73 338 78 386 116 368 77 342 77 331 86 382 122 364 84 340 83 327 93 371 126 357 95 339 90 327 95 
352 171 330 146 324 121 316 103 314 88 380 110 369 77 348 74 336 80 385 116 366 78 341 77 329 87 381 122 363 84 338 84 326 94 370 127 355 97 337 91 326 95 
352 172 329 148 323 123 315 105 313 90 378 112 368 79 347 75 334 81 383 117 365 79 340 78 328 88 380 123 362 85 337 85 325 95 369 127 354 97 336 92 325 97 
352 172 329 149 323 124 314 106 311 91 377 111 366 78 345 75 333 81 382 116 364 78 338 78 327 88 379 122 361 86 335 86 323 96 368 128 353 98 334 93 324 98 
351 171 329 148 323 124 314 106 311 91 378 112 366 79 345 76 333 82 383 117 364 79 338 79 327 88 380 123 361 86 335 86 323 97 368 128 353 98 334 93 323 98 
351 170 329 148 323 123 314 106 311 91 378 112 367 80 346 76 333 82 383 117 364 79 339 79 327 88 379 123 361 86 336 86 323 96 368 127 353 98 335 93 323 97 
351 170 329 148 323 124 314 107 311 92 378 111 366 79 345 76 333 82 383 117 364 79 338 80 326 89 380 124 361 87 336 87 324 96 368 129 354 100 336 94 326 97 
351 170 329 148 323 123 315 106 312 92 378 112 367 80 346 76 334 82 383 117 364 80 338 80 327 90 380 124 361 87 336 87 324 97 369 129 354 99 336 94 325 98 
351 170 329 148 323 123 314 106 311 92 378 111 367 79 346 76 334 81 383 117 364 80 338 80 326 89 380 123 361 87 336 87 324 97 368 128 354 99 336 93 325 97 
350 171 328 148 323 123 314 106 312 91 377 112 366 80 346 77 333 82 382 117 364 81 338 81 326 90 379 124 361 88 336 87 323 97 368 129 355 100 337 94 326 98 
350 170 328 148 323 123 314 106 311 92 377 111 366 79 345 77 334 83 382 117 363 80 338 81 327 91 379 124 361 88 336 88 324 98 368 130 354 101 336 95 326 99 
349 171 327 149 321 124 313 106 311 92 376 112 364 80 343 78 331 85 381 118 362 81 336 82 325 92 378 125 360 88 335 88 323 98 367 130 354 102 336 96 325 99 
349 171 327 149 321 124 312 107 310 93 376 112 364 81 344 78 332 85 381 118 362 82 337 83 325 93 378 125 360 89 335 89 323 99 367 131 354 102 336 96 326 99 
348 173 327 151 321 126 311 109 308 94 375 113 362 82 341 81 329 87 380 119 361 83 335 84 323 93 377 127 359 91 334 91 321 100 365 133 353 105 336 98 325 100 
348 175 326 152 320 127 311 110 308 95 374 115 362 83 341 81 330 87 379 120 361 84 335 85 324 94 376 127 360 92 334 91 321 100 366 134 354 106 336 99 325 101 
347 175 325 153 319 128 310 110 307 96 372 114 360 83 339 81 328 88 378 120 360 84 334 85 323 95 376 128 359 92 333 92 321 101 365 134 352 106 334 100 323 103 
348 176 326 154 320 129 310 112 307 97 372 116 361 84 340 82 328 88 377 121 359 85 333 85 322 95 375 128 358 92 332 92 320 102 365 134 351 105 333 100 322 103 
348 176 326 155 320 130 311 113 306 98 373 116 360 84 339 82 328 90 378 121 358 85 333 87 322 97 376 128 357 93 332 94 321 104 366 135 351 106 333 101 323 105 
348 177 326 156 320 131 311 113 306 98 373 117 361 85 341 82 328 88 379 122 360 85 334 86 322 95 377 129 358 93 333 93 320 102 366 134 351 105 332 100 321 105 
349 177 326 156 320 130 311 113 307 98 373 117 361 84 340 82 329 89 379 122 359 85 333 87 323 97 376 129 357 93 332 94 320 104 366 134 351 105 333 101 322 105 
348 178 325 156 320 131 311 114 307 98 373 117 361 85 341 83 328 89 378 122 359 85 333 87 322 97 376 128 356 92 331 94 319 105 366 133 350 104 331 100 320 105 
349 178 325 156 320 131 310 114 305 98 373 117 360 84 339 82 327 89 378 122 357 85 331 87 320 97 375 128 355 92 330 93 318 104 365 133 349 104 330 99 319 104 
348 178 324 156 317 131 308 114 303 98 371 117 359 84 338 82 325 89 376 121 356 84 330 85 318 95 374 127 354 91 329 92 316 103 364 132 348 103 329 98 317 103 
347 177 323 155 317 130 307 113 303 98 370 116 358 84 337 81 324 88 376 121 355 84 329 85 318 95 373 127 353 91 328 92 315 102 363 133 347 104 328 99 317 103 
345 176 321 155 315 130 305 113 301 97 368 115 355 84 334 82 322 89 373 120 353 84 327 86 316 96 371 126 352 91 327 92 314 103 361 132 347 104 328 99 317 103 
342 176 319 155 314 130 304 113 299 99 366 115 353 84 332 82 320 89 371 120 351 84 326 85 314 95 369 127 351 92 325 92 312 102 359 133 345 104 326 99 315 103 
340 176 316 156 309 130 300 112 297 96 363 116 350 84 329 84 317 91 368 121 349 84 323 86 311 96 367 127 348 91 322 91 310 102 357 132 342 104 324 99 313 103 
338 176 315 154 308 130 298 112 295 97 361 116 348 84 327 83 315 90 367 121 347 84 321 85 310 95 365 127 346 91 320 91 308 101 355 132 339 104 320 99 309 103 
336 176 313 155 306 129 297 112 294 97 359 116 346 85 324 84 313 91 364 122 344 84 319 86 308 95 362 128 343 92 318 92 306 101 352 133 337 104 319 99 308 102 
334 176 312 155 305 129 296 112 291 98 357 117 343 85 322 84 310 90 362 122 342 85 316 86 306 95 359 128 341 91 316 91 303 100 348 133 334 103 316 98 306 101 
331 175 309 154 304 129 295 111 292 96 355 116 342 84 320 83 308 89 361 121 340 84 315 85 304 94 358 128 338 91 313 91 301 100 347 133 332 104 314 97 303 100 
329 175 308 152 303 127 294 110 289 96 355 114 341 83 319 81 307 88 360 120 338 84 313 85 302 94 356 127 336 92 312 91 300 100 344 133 330 104 312 97 302 100 
328 177 308 153 303 128 293 110 288 97 354 116 338 84 316 82 305 88 358 122 336 85 311 85 300 93 354 129 334 92 310 91 298 100 342 134 327 104 311 98 301 101 
328 178 306 154 302 129 293 111 287 98 353 116 338 83 316 81 303 86 357 122 335 84 310 84 298 91 352 129 333 92 308 90 295 98 340 134 326 104 309 97 297 99 
326 181 306 156 301 132 293 115 290 103 350 118 335 84 313 82 301 88 353 123 331 86 306 84 294 92 348 130 328 94 304 91 291 98 336 137 322 107 306 99 295 101 
326 183 305 159 301 134 291 116 285 101 350 120 334 85 312 82 299 87 354 125 330 86 305 84 293 91 348 131 328 93 303 90 289 97 335 136 321 105 305 97 294 98 
326 184 306 163 300 137 290 118 284 102 348 123 331 87 310 84 298 89 352 126 329 86 304 85 292 92 348 131 328 92 303 89 289 96 336 135 323 104 307 96 296 96 
326 183 304 160 300 136 291 119 285 105 349 121 333 86 312 81 298 85 352 125 330 86 305 84 292 90 347 131 326 93 302 89 287 95 334 136 320 106 303 97 290 96 
325 184 304 163 299 137 289 118 283 103 348 123 331 88 310 84 296 88 352 126 329 87 304 85 291 92 347 132 327 93 302 90 286 96 335 136 321 105 305 97 293 96 
325 184 304 164 298 137 287 118 280 102 346 124 330 88 309 83 296 86 351 127 327 87 302 85 289 91 346 132 325 92 300 89 285 95 335 135 320 104 303 96 290 95 
325 183 303 161 297 135 287 117 279 101 347 121 331 87 310 81 296 85 350 126 327 87 303 85 290 92 345 132 324 94 299 91 285 97 332 137 317 107 301 98 289 97 
324 184 303 162 297 135 286 117 277 102 347 121 330 87 309 83 295 87 351 126 327 87 302 85 289 92 345 132 325 94 300 91 285 97 332 138 318 107 301 98 289 96 
325 185 304 163 298 136 286 117 275 102 346 122 329 88 308 83 294 87 350 126 326 87 300 86 288 93 345 132 324 93 299 91 284 97 332 138 318 107 302 98 290 96 
326 185 305 164 298 137 286 118 275 102 345 123 327 89 306 85 293 89 349 127 324 88 300 86 288 93 345 132 324 94 299 91 285 97 333 138 318 108 302 98 290 97 
326 184 305 163 298 137 286 119 277 102 347 122 329 90 308 84 293 87 350 127 326 88 301 86 288 92 345 133 324 96 299 92 284 98 332 139 317 109 300 99 287 97 
327 184 305 163 298 136 286 117 276 101 347 122 328 89 307 84 293 88 350 126 324 88 300 87 288 93 346 132 323 94 299 92 284 98 334 137 317 108 300 99 288 97 
327 183 306 163 299 137 288 118 278 102 347 123 329 91 308 85 293 87 351 127 326 89 302 86 288 92 347 132 325 95 300 92 285 97 335 137 319 108 301 98 289 97 
328 182 307 162 300 136 288 118 279 102 348 123 330 90 309 84 294 86 352 126 327 88 303 86 289 91 348 132 326 95 301 91 286 95 337 137 320 108 303 98 290 97 
329 181 309 164 300 138 288 117 277 102 346 125 327 92 307 87 292 89 354 127 326 89 301 87 288 92 352 130 327 93 303 89 287 94 344 133 325 104 308 96 296 94 
329 179 309 160 302 135 290 116 279 102 351 121 331 90 310 84 295 86 355 125 327 88 304 86 290 90 351 131 326 95 302 91 287 95 340 136 322 107 305 98 292 97 
330 178 309 160 303 135 292 116 283 101 351 121 332 90 311 84 296 85 356 125 329 88 305 85 291 90 353 130 329 93 304 89 288 92 342 134 325 106 308 97 296 95 
331 177 311 159 304 134 293 116 284 102 354 120 335 89 314 83 298 85 358 124 331 88 307 85 293 89 354 130 330 94 306 89 290 92 343 135 325 107 308 97 296 95 
334 178 314 163 305 138 294 118 288 102 349 126 331 93 312 87 297 88 357 127 332 88 308 84 293 88 358 129 333 92 309 86 293 88 351 131 333 102 316 93 304 92 
335 177 315 162 307 138 297 119 291 103 351 124 334 93 314 86 299 87 358 125 333 87 310 84 295 88 358 127 334 91 310 86 294 89 350 130 331 102 315 94 301 92 
334 175 314 158 308 133 298 116 292 101 356 120 338 89 318 82 302 83 361 123 335 87 312 82 297 86 357 127 334 92 310 86 294 89 347 132 330 105 313 95 300 93 
335 175 315 156 308 131 298 114 292 99 357 118 340 87 319 80 303 81 362 122 337 85 313 81 298 84 358 128 335 92 311 86 295 87 347 134 330 106 314 95 301 93 
335 175 315 155 308 131 298 113 293 98 357 118 340 87 320 80 305 81 362 122 338 86 314 81 300 84 360 128 337 93 313 86 296 88 349 134 332 105 316 95 303 93 
336 176 315 157 308 132 298 114 293 99 357 119 341 88 320 80 305 81 363 123 339 86 315 81 299 84 360 129 338 92 313 86 296 87 350 134 333 105 316 95 303 93 
336 175 315 155 309 131 299 114 294 100 358 118 341 87 321 79 305 80 363 122 338 86 315 81 300 84 360 129 337 93 313 87 296 88 350 135 333 107 316 97 303 94 
336 176 315 155 309 131 299 114 293 101 359 117 342 87 321 79 306 80 364 123 339 87 315 82 301 84 360 130 337 95 313 88 296 89 349 136 333 108 316 98 304 95 
336 178 315 157 309 133 299 116 292 101 359 118 342 88 321 80 306 80 364 123 339 87 315 83 299 85 361 130 338 95 313 89 295 90 350 136 333 108 316 98 302 95 
335 178 314 156 309 132 299 116 293 102 359 118 342 87 322 80 306 80 364 123 339 87 315 83 299 86 361 130 337 95 312 89 295 90 349 137 332 109 316 98 302 96 
336 178 315 156 309 132 299 115 293 101 359 117 342 87 321 79 306 80 364 123 339 87 315 82 300 86 361 130 338 95 313 89 296 91 350 137 333 109 316 98 302 96 
336 179 315 157 309 133 299 116 292 102 359 117 343 87 322 79 307 80 364 123 340 87 315 83 300 86 361 130 338 95 313 89 296 92 350 137 333 109 316 99 302 96 
337 180 315 157 309 133 299 116 293 102 360 117 343 86 322 79 306 80 365 122 340 86 315 82 300 86 361 130 337 95 313 88 296 91 349 137 332 108 315 98 302 96 
337 182 316 159 310 134 299 117 293 102 360 118 342 86 321 80 306 81 365 123 339 86 315 83 300 87 361 130 338 94 313 88 296 91 349 137 332 108 316 98 303 96 
337 183 316 161 310 136 300 117 294 103 360 120 343 87 322 80 306 82 365 125 340 87 315 83 300 88 361 131 338 94 313 88 296 91 350 137 333 107 316 97 303 95 
337 183 316 161 311 135 301 118 295 103 361 120 344 88 323 80 307 81 366 124 340 87 316 83 300 87 362 131 338 94 313 88 296 91 350 137 332 108 315 98 301 96 
337 183 316 162 311 137 301 118 295 103 360 122 344 89 323 82 307 83 365 125 340 87 316 83 300 88 362 130 338 93 313 88 296 91 350 136 333 106 315 96 302 94 
338 183 316 161 311 136 302 119 296 103 361 120 344 89 323 81 307 82 366 125 340 88 316 84 301 88 362 131 338 95 313 89 296 92 350 138 333 108 316 98 302 96 
338 183 316 160 311 136 302 119 296 104 361 119 345 87 324 80 308 82 366 124 340 87 316 83 301 88 362 131 338 95 313 89 296 92 350 137 333 108 315 98 301 96 
337 183 316 162 311 137 302 119 296 103 360 121 344 89 323 81 307 83 365 125 340 88 315 84 300 89 362 131 339 94 313 89 296 93 350 137 333 107 316 98 303 96 
339 184 316 161 311 136 301 119 294 104 361 119 344 87 323 80 307 82 366 124 339 88 315 84 300 89 362 131 337 95 312 90 295 93 350 138 332 109 315 99 301 97 
337 185 315 161 310 136 300 119 294 104 360 118 343 87 322 80 306 82 365 123 339 88 314 85 299 89 361 131 337 96 312 91 294 94 350 139 332 110 315 100 301 97 
338 185 316 161 310 136 299 118 293 103 361 118 343 86 321 79 306 82 365 124 339 87 315 84 299 89 361 131 337 96 312 90 295 94 349 139 332 110 315 100 301 98 
338 187 316 163 311 137 300 119 292 103 360 119 343 87 322 80 306 81 364 125 340 88 315 84 299 89 360 132 338 96 313 91 296 95 349 139 333 110 316 100 302 97 
339 188 317 162 311 137 301 120 293 104 360 120 343 87 321 80 306 82 364 125 339 88 314 84 298 90 359 132 337 96 311 91 294 96 347 139 331 110 314 99 299 96 
340 188 318 162 312 136 301 119 294 103 360 119 343 87 321 81 305 83 365 124 339 88 314 85 298 91 361 131 337 95 312 91 294 97 348 138 332 109 314 99 299 97 
341 187 318 162 313 136 301 118 292 102 362 119 344 87 322 79 305 81 366 125 342 87 316 83 300 89 361 132 340 96 314 91 296 95 348 140 333 111 316 101 301 98 
341 187 318 161 312 134 301 117 293 102 362 118 344 85 322 78 305 80 366 123 341 86 315 83 299 89 361 131 339 95 312 90 294 95 349 138 333 110 315 100 300 98 
342 188 319 161 313 135 301 118 293 103 360 118 343 85 321 78 305 81 365 124 340 86 314 83 299 89 361 131 338 95 312 90 295 96 349 139 333 109 315 99 300 97 
341 188 318 162 312 135 301 117 293 101 360 118 342 85 320 79 304 83 365 123 339 87 314 84 299 91 361 131 338 95 312 91 295 97 348 139 333 110 316 100 301 98 
340 187 318 161 312 135 302 117 294 101 359 118 343 85 320 79 304 82 365 123 341 86 315 83 300 89 361 131 340 95 314 90 296 95 349 139 334 111 316 101 301 98 
341 187 318 161 312 134 300 115 292 99 360 117 343 85 321 78 304 80 365 123 341 87 315 83 300 89 361 131 340 96 313 91 296 95 349 140 334 112 317 101 301 98 
341 187 318 161 311 134 300 116 292 99 358 116 342 85 320 78 303 81 364 122 341 86 315 83 300 89 361 131 340 95 314 90 296 95 350 139 335 111 318 100 302 98 
340 186 317 160 311 134 301 116 293 99 359 117 343 85 321 78 305 81 364 122 342 86 316 82 301 88 361 131 340 95 314 89 297 94 348 139 334 110 316 100 301 98 
339 186 317 160 311 133 300 115 292 98 358 116 344 85 321 77 304 80 363 122 343 86 317 81 301 87 361 131 343 95 316 89 298 94 349 140 336 111 319 100 303 97 
339 185 317 158 311 131 299 113 291 96 358 115 344 84 321 76 305 79 364 122 344 86 318 80 303 86 361 132 344 96 318 89 300 92 349 141 338 113 320 101 305 99 
339 185 317 158 311 131 300 113 291 95 358 115 343 82 321 75 305 78 364 121 344 84 318 80 302 86 361 131 343 95 317 88 299 93 349 141 338 112 321 102 306 100 
340 185 317 158 311 131 300 113 291 95 359 115 344 83 321 75 305 78 364 122 345 84 318 79 303 85 361 131 344 95 317 88 300 92 349 141 337 112 319 102 305 100 
340 185 318 158 312 131 301 112 292 95 360 116 344 84 322 76 306 79 365 123 344 85 319 79 303 85 361 132 343 96 317 88 300 92 348 141 336 113 319 102 305 100 
341 184 318 157 312 130 300 112 292 95 360 115 345 83 323 75 307 78 365 122 345 84 319 79 304 84 361 132 343 95 317 87 300 91 348 141 335 112 318 101 304 99 
340 184 317 158 312 132 301 114 293 97 360 115 345 83 323 76 307 79 366 122 345 84 319 80 303 86 362 131 343 95 317 89 300 93 350 140 336 111 319 101 305 99 
340 184 317 158 311 132 301 114 295 98 361 116 346 84 324 76 308 78 366 122 345 84 319 79 303 85 363 131 343 94 317 88 299 91 350 139 336 110 318 100 303 97 
340 183 317 158 312 132 302 115 295 99 361 114 346 83 324 76 309 78 367 121 345 84 320 79 304 84 364 130 343 94 317 87 300 90 352 138 336 110 319 99 304 96 
339 182 317 157 311 132 302 114 297 99 360 114 345 82 324 75 309 78 367 120 345 83 320 79 304 84 364 129 344 94 318 87 301 90 352 138 336 111 319 101 305 98 
340 183 317 158 312 132 302 114 296 98 361 115 346 84 325 76 309 78 367 121 346 84 320 79 304 84 364 130 344 95 319 88 301 90 352 139 337 112 320 101 305 98 
339 182 317 157 312 131 302 114 296 98 361 114 346 83 325 75 309 77 367 121 345 84 320 79 304 84 363 130 344 95 319 88 301 90 351 140 337 113 320 101 306 97 
339 183 317 158 312 132 302 114 295 98 362 115 346 85 325 76 310 78 368 121 345 85 321 80 306 84 364 131 344 96 319 88 302 90 351 140 336 113 320 102 307 97 
340 183 318 158 312 132 302 115 295 99 362 115 347 84 325 76 310 77 367 122 346 85 321 79 305 84 364 131 344 95 319 88 301 90 351 140 337 112 320 101 306 98 
339 183 317 158 312 132 302 115 295 99 362 115 346 83 325 76 309 78 367 121 345 85 320 80 305 85 363 131 343 96 318 89 301 91 350 140 336 113 319 101 306 98 
340 184 317 158 312 132 302 115 295 98 362 114 346 84 325 76 309 78 368 121 345 85 320 80 305 85 364 131 344 96 319 89 302 91 351 140 337 113 321 102 307 98 
340 184 318 159 313 133 302 116 296 99 362 115 346 83 325 75 309 78 367 122 345 85 320 80 305 85 363 131 344 96 319 89 301 91 350 141 337 114 321 102 307 98 
340 186 318 161 312 134 302 116 295 100 362 117 346 84 324 77 309 79 367 123 345 85 320 80 305 86 363 132 343 95 318 88 301 92 350 140 336 112 320 101 306 97 
340 185 317 160 312 133 302 115 294 99 361 116 345 84 324 76 308 79 366 123 345 85 319 80 303 85 362 132 343 95 317 88 300 91 350 140 336 112 319 101 305 97 
340 185 317 159 312 133 302 115 294 98 361 116 346 84 324 76 308 78 366 123 345 85 319 80 303 85 362 132 343 95 317 88 300 92 350 140 336 111 319 100 304 97 
340 185 317 159 312 133 302 115 295 99 360 116 345 83 323 76 308 79 365 122 344 85 318 80 303 86 362 131 342 95 317 89 300 93 349 140 336 112 319 101 305 97 
341 186 317 160 312 134 302 115 295 99 360 117 345 85 323 77 308 80 365 123 344 85 319 81 303 87 362 132 343 95 317 89 300 93 350 140 336 111 318 100 303 97 
341 186 318 160 312 133 301 115 293 97 361 118 347 86 324 77 308 79 366 124 346 86 320 80 305 85 361 133 343 96 317 88 300 91 348 141 335 112 318 100 304 97 
341 186 318 160 312 134 302 116 294 99 361 118 347 86 325 78 309 80 366 124 346 86 320 80 305 85 362 133 344 96 318 88 301 91 349 141 336 112 319 101 304 97 
341 185 318 159 312 133 302 115 294 98 361 118 347 85 325 77 309 79 365 124 346 86 321 80 305 86 361 133 344 96 319 88 301 92 348 141 336 112 319 101 305 97 
340 184 318 158 312 132 302 114 295 97 361 117 348 85 325 77 309 79 366 123 347 86 321 80 305 85 363 132 345 95 319 87 302 91 350 140 337 112 320 100 305 97 
340 183 317 157 312 131 301 113 295 96 361 116 348 84 326 75 310 77 366 123 348 86 322 79 306 84 363 132 346 96 320 88 303 91 350 140 338 112 321 100 306 98 
340 184 318 157 312 131 301 113 295 97 362 117 348 84 325 75 309 78 367 123 347 85 321 80 306 85 363 132 346 96 320 88 303 91 351 141 339 112 322 101 308 98 
341 185 318 158 312 133 302 115 295 98 361 117 348 85 326 76 311 78 366 124 348 86 322 80 307 85 363 133 346 97 321 89 304 92 350 141 338 113 322 102 307 98 
341 186 319 159 313 132 302 114 295 96 360 117 348 85 325 76 309 78 366 124 347 87 322 81 306 85 363 133 346 97 321 89 304 92 350 142 339 113 323 101 308 98 
341 187 319 160 313 133 302 114 294 97 360 118 348 86 325 78 309 79 366 124 348 87 322 80 306 85 363 133 347 97 322 89 304 92 351 141 340 113 323 101 308 98 
341 187 319 160 313 133 303 115 296 97 360 119 348 87 326 78 309 80 366 125 348 87 323 80 306 85 362 133 347 97 322 88 304 91 350 141 339 112 322 101 307 98 
341 187 318 160 312 133 302 115 295 97 360 118 348 87 325 78 308 79 365 124 348 87 322 80 306 85 363 133 348 97 322 88 304 91 351 141 341 113 324 101 308 98 
341 186 319 160 313 133 302 115 295 97 360 118 348 87 326 78 309 79 366 124 348 87 323 81 306 85 363 133 347 97 322 88 304 91 351 141 340 113 323 101 308 98 
341 186 319 160 313 133 302 115 296 98 360 118 348 87 325 78 308 80 365 125 348 87 323 80 306 85 363 133 348 97 322 88 304 91 350 142 341 113 324 101 308 98 
342 186 320 159 313 133 302 115 295 97 359 117 347 85 324 77 307 78 365 124 347 87 322 80 305 85 362 133 347 97 321 88 303 91 349 142 339 114 323 102 307 99 
342 188 320 160 313 133 302 115 293 97 358 118 346 86 323 78 306 80 364 124 346 88 320 81 303 85 361 134 346 99 320 90 302 92 349 144 340 116 323 104 308 100 
343 189 320 161 314 134 302 116 293 98 358 118 345 87 322 79 305 81 364 125 346 89 320 82 303 86 361 135 346 100 320 91 302 94 349 146 340 119 325 106 310 102 
343 189 320 162 313 136 302 118 292 100 359 119 345 88 322 79 304 81 364 125 346 89 319 82 303 86 361 135 345 100 320 91 301 94 350 145 340 118 323 106 308 102 
344 188 320 161 313 134 301 116 292 98 359 119 346 88 322 79 305 82 364 126 346 89 320 82 303 87 361 135 346 100 320 92 302 95 349 146 340 119 324 106 309 102 
344 189 320 162 313 135 301 117 291 99 358 119 345 89 322 80 305 82 364 126 346 90 320 83 304 87 361 136 346 100 320 92 302 95 350 145 340 118 324 106 309 102 
344 188 320 161 313 134 301 116 292 98 357 119 345 87 322 80 305 82 363 126 346 89 319 82 303 87 360 135 346 100 320 91 302 94 349 146 340 118 323 106 308 102 
343 188 320 160 312 133 301 115 291 98 356 118 344 88 321 80 304 82 362 125 345 90 319 83 302 87 361 135 347 100 322 92 303 95 350 145 343 118 327 106 311 101 
342 188 319 161 312 133 301 115 293 97 355 119 345 88 322 80 305 82 362 125 346 90 320 83 302 87 361 134 348 99 321 91 302 94 351 144 342 116 324 104 307 100 
343 188 319 161 312 133 301 115 292 97 355 119 345 88 322 80 305 82 362 125 346 90 320 82 303 86 361 135 349 100 323 91 304 94 351 145 344 118 327 106 311 101 
343 187 319 162 312 134 302 116 294 97 354 119 345 88 323 80 306 82 361 126 346 90 320 83 303 87 361 134 349 99 323 91 304 94 352 144 344 116 326 104 310 101 
344 187 319 160 312 133 301 114 292 95 356 119 346 88 323 80 306 83 363 126 348 89 321 82 304 87 362 134 349 98 323 90 304 93 352 144 343 116 326 104 309 100 
344 187 320 161 313 134 302 116 294 97 356 119 346 88 323 80 306 82 363 126 347 90 321 82 303 87 362 134 350 99 323 90 304 94 353 144 345 115 327 103 309 100 
343 186 320 160 313 132 302 113 294 95 357 118 346 87 323 79 305 81 364 125 347 89 321 82 303 86 363 134 350 98 323 90 303 93 353 144 345 116 328 103 311 100 
344 186 320 160 313 133 302 115 294 97 355 118 346 86 323 78 306 81 362 124 347 89 321 82 304 86 362 133 350 98 323 90 304 93 353 143 346 115 327 103 310 100 
345 187 321 160 313 133 302 114 293 96 355 119 346 87 323 79 306 82 362 126 348 90 322 82 304 86 362 135 350 99 324 90 305 94 352 145 346 117 328 104 312 101 
345 187 320 160 313 132 302 113 294 94 353 117 344 86 322 79 305 82 361 124 346 89 320 82 302 87 361 133 349 99 323 91 303 95 353 144 345 116 328 104 311 101 
345 188 320 160 313 132 302 113 294 94 356 117 346 87 322 79 304 82 363 124 347 90 320 82 302 86 363 134 349 99 323 91 303 95 353 145 345 117 328 104 311 100 
345 188 320 161 313 132 302 113 294 94 355 118 345 87 322 79 305 82 362 125 347 89 320 82 303 87 363 134 350 98 324 90 304 94 354 145 346 116 329 103 311 99 
346 188 321 161 313 133 302 114 294 94 356 118 347 86 324 78 306 81 364 125 349 89 321 81 303 86 363 135 351 98 324 90 305 94 353 145 346 117 328 104 312 99 
347 189 321 162 314 133 303 113 294 94 355 118 345 86 323 79 306 83 363 124 348 88 321 81 304 87 364 134 352 98 325 90 306 94 355 145 347 117 330 104 313 100 
347 188 322 161 314 132 302 112 294 93 356 117 347 86 324 79 307 82 363 124 349 88 323 81 305 86 364 134 352 98 325 90 306 94 355 145 347 117 330 104 313 100 
345 187 322 160 315 132 303 113 294 94 359 117 348 86 325 79 308 82 366 123 351 87 323 81 305 87 365 133 354 97 326 89 306 94 355 144 348 115 330 103 313 99 
345 187 323 161 315 134 304 114 295 95 360 118 349 87 326 79 309 81 366 124 351 88 324 81 306 86 366 133 354 97 327 88 307 92 356 143 349 114 331 102 314 97 
346 186 322 161 315 133 304 114 295 96 358 117 348 85 325 78 309 82 366 123 350 87 324 81 306 87 366 132 354 96 327 89 307 93 357 142 350 114 331 102 314 99 
346 187 323 161 316 133 305 114 296 95 359 119 350 87 327 79 310 82 366 126 351 89 325 82 308 87 366 135 354 98 327 90 309 94 357 144 350 116 332 103 316 99 
346 188 323 162 316 134 305 115 295 96 357 118 347 87 325 79 308 83 365 125 350 89 324 82 306 88 366 134 353 98 327 90 307 95 357 144 350 115 332 104 315 100 
346 189 322 163 315 135 304 115 297 95 357 119 348 87 326 79 309 83 365 125 351 89 324 83 307 87 366 135 354 99 328 90 308 94 357 145 350 117 333 104 316 100 
346 190 323 164 316 135 305 115 296 95 358 118 348 87 325 80 308 84 366 125 350 89 323 83 306 88 366 135 354 99 327 91 307 95 357 145 350 117 332 105 315 100 
346 190 322 162 316 134 305 114 296 95 358 119 348 87 325 80 308 84 366 126 350 90 323 84 306 89 366 136 354 100 327 92 308 96 357 147 351 119 334 106 317 101 
346 190 322 163 316 134 305 115 296 96 359 120 350 88 326 81 310 84 366 126 352 90 325 83 307 89 366 136 355 100 328 92 308 96 356 147 350 118 332 106 315 102 
345 190 323 163 316 135 305 115 296 96 359 119 349 88 326 81 310 84 367 125 351 90 324 84 307 89 367 135 354 100 327 92 308 96 357 146 350 118 332 105 315 101 
346 191 323 164 316 136 305 116 296 98 357 120 348 88 326 81 309 84 365 126 350 91 324 84 307 89 366 136 353 101 327 93 308 97 357 147 350 119 332 107 316 102 
347 192 323 165 316 136 305 116 297 97 359 121 350 89 327 82 310 85 366 128 352 92 325 85 307 89 366 137 354 101 328 93 308 97 357 148 350 120 333 106 316 102 
346 192 322 165 315 135 305 115 298 96 357 119 348 88 325 82 309 86 365 126 350 91 324 85 307 91 366 136 354 101 327 93 308 98 357 147 350 120 333 107 316 103 
347 193 323 166 316 137 305 116 296 97 359 121 348 90 325 82 308 85 366 128 351 91 323 85 306 90 366 138 353 101 326 93 307 97 356 148 349 120 331 107 315 103 
347 194 322 166 316 137 305 117 297 98 359 122 348 91 326 84 310 88 366 128 350 93 324 87 307 92 366 138 353 102 326 95 308 99 357 149 349 121 332 109 315 105 
346 193 323 165 316 136 305 117 297 98 359 121 348 90 325 84 308 87 367 128 350 92 323 87 306 93 367 138 353 102 326 95 306 100 357 149 349 121 331 109 314 105 
345 193 322 166 316 138 306 119 297 100 359 121 348 91 325 84 308 87 367 128 350 94 324 88 307 92 367 138 352 104 326 96 307 100 357 149 349 122 331 110 315 106 
345 195 322 166 317 138 306 119 296 100 359 122 348 92 325 84 308 86 366 129 350 94 323 87 306 92 366 139 352 105 325 96 306 99 357 150 349 122 331 110 314 106 
344 195 322 167 316 138 306 119 297 101 359 123 348 93 326 86 309 89 367 130 350 95 324 89 307 94 367 140 352 106 326 98 307 101 357 151 349 124 331 112 315 107 
345 196 322 167 317 139 306 120 297 101 359 123 346 92 323 85 306 89 367 130 348 96 322 90 305 96 367 140 351 106 324 99 305 102 357 151 349 124 332 112 315 108 
345 197 322 170 317 141 306 123 297 104 362 125 348 94 324 87 307 91 369 132 350 96 322 90 305 96 368 141 351 105 324 98 304 102 357 152 347 123 329 112 312 109 
345 197 322 169 317 141 307 123 297 104 359 124 347 94 324 86 307 89 367 131 349 97 322 91 304 96 367 141 351 107 324 99 305 103 357 152 347 125 329 113 312 109 
345 197 323 169 317 141 306 122 297 104 361 125 347 94 324 86 306 89 368 132 349 97 322 91 304 96 367 142 350 108 323 100 304 103 356 153 347 126 328 114 312 110 
346 197 323 169 317 141 306 123 297 105 359 124 346 93 323 87 306 91 366 132 348 97 322 92 305 97 365 142 350 108 324 100 305 105 356 153 347 127 330 115 314 112 
346 198 323 169 317 140 306 121 298 103 360 125 346 94 323 88 306 91 367 131 348 97 321 92 304 97 367 142 350 107 323 100 304 104 356 153 347 126 329 114 312 111 
346 196 323 169 317 141 306 122 297 103 362 125 349 94 324 87 307 90 369 133 350 96 322 91 304 96 367 142 351 106 323 99 304 103 356 153 346 124 327 113 310 109 
344 196 322 168 317 140 306 121 298 104 360 124 348 94 325 86 307 89 367 132 349 97 323 91 306 96 366 142 351 108 325 100 306 103 356 153 347 126 330 114 314 110 
346 197 322 169 317 142 306 123 298 105 358 125 347 94 324 86 307 89 366 131 349 97 322 91 305 96 365 141 351 107 324 99 305 103 356 152 347 125 329 113 312 109 
345 197 322 169 317 141 306 122 298 104 362 126 349 95 325 88 308 91 368 132 350 97 323 91 306 96 367 142 352 107 324 99 305 103 356 153 347 125 328 113 311 109 
346 196 323 169 317 141 307 122 297 104 360 124 348 94 325 85 307 88 367 131 349 96 322 90 305 95 367 141 351 107 324 98 305 102 357 152 347 125 329 113 312 109 
345 196 323 168 318 140 307 122 298 104 360 125 348 94 325 87 308 90 367 132 350 97 323 91 306 96 366 142 352 107 325 99 306 103 356 153 348 126 330 114 314 111 
346 196 323 169 317 141 307 123 299 105 360 125 348 93 325 86 308 89 367 132 350 96 323 90 306 96 366 142 352 107 325 99 306 103 356 153 347 125 329 113 312 110 
347 197 324 169 318 141 307 122 298 104 361 125 348 93 325 86 308 89 367 132 350 97 323 91 306 96 366 142 351 108 325 99 306 103 356 154 348 126 331 114 314 110 
346 197 323 168 317 140 307 122 300 103 361 124 349 93 325 86 308 89 368 131 350 97 323 91 306 96 367 142 352 107 325 99 306 103 356 154 347 126 329 114 313 110 
347 197 324 168 318 140 307 122 299 104 360 124 346 93 323 86 306 89 367 131 348 97 321 91 304 97 366 142 350 107 323 100 305 104 356 153 347 126 330 114 313 110 
348 198 324 171 318 142 307 122 300 104 362 126 349 95 325 87 308 90 369 133 350 97 323 91 306 96 367 142 350 106 323 99 305 103 356 152 345 124 326 113 309 110 
347 197 324 168 318 141 307 122 299 104 363 126 348 94 324 87 307 89 369 132 349 96 322 90 305 95 367 142 350 106 323 98 304 102 355 152 345 124 327 113 310 109 
346 196 323 169 318 141 308 123 299 105 363 126 349 95 325 87 307 88 369 132 349 97 322 90 304 94 367 142 351 107 323 98 304 101 355 151 345 124 327 113 310 108 
345 195 323 168 318 140 307 122 298 104 363 125 349 94 325 86 308 88 369 132 349 96 323 90 305 94 367 141 350 106 324 98 304 101 355 152 345 124 328 112 311 108 
345 195 323 167 318 140 307 122 299 105 363 125 349 94 326 86 309 87 369 132 349 96 323 90 306 95 366 142 350 107 324 98 305 101 355 151 346 124 328 112 312 107 
346 195 324 168 318 141 308 123 300 106 362 125 348 93 325 86 308 88 368 132 348 96 323 90 306 95 366 141 350 107 324 98 305 101 356 151 346 123 328 111 312 107 
345 194 323 167 318 139 308 122 300 104 363 124 349 93 326 85 308 88 369 132 350 96 323 90 305 95 366 142 351 106 324 98 305 102 355 151 345 124 327 112 311 109 
346 195 324 167 318 140 308 122 299 105 363 125 349 93 326 85 309 87 369 132 349 97 323 90 306 94 367 142 350 107 324 99 305 101 356 152 346 125 329 113 313 108 
346 195 324 166 319 139 309 121 300 104 363 124 349 92 326 85 309 88 369 131 349 96 323 90 306 95 367 141 350 107 324 99 305 102 356 152 346 125 329 113 313 108 
347 195 324 167 319 140 308 122 300 105 363 124 348 92 325 85 309 88 369 131 348 96 322 91 306 96 367 141 349 107 323 99 304 103 355 152 345 125 328 113 312 108 
347 196 324 168 319 141 308 123 301 106 363 124 348 92 325 85 308 89 368 131 348 96 322 91 305 96 366 141 349 106 323 99 304 103 355 151 345 124 328 112 312 108 
348 196 325 168 319 141 308 123 301 106 364 124 349 92 325 85 308 88 370 131 349 96 322 90 306 96 367 141 349 106 323 99 304 103 356 152 345 124 328 112 312 109 
348 197 325 169 320 141 309 123 302 107 363 124 348 91 325 85 308 90 369 131 348 95 321 91 305 97 366 140 348 105 322 99 303 104 355 150 344 123 327 111 311 108 
350 197 326 169 320 141 309 122 301 104 364 124 348 92 325 86 308 90 370 130 348 94 321 90 305 97 368 140 349 104 322 98 304 104 357 150 345 122 327 111 310 109 
352 197 326 168 320 140 309 121 301 103 362 123 349 92 326 85 309 89 368 131 350 95 323 90 306 96 366 141 350 105 323 98 304 104 355 151 345 123 327 112 310 109 
350 197 326 168 320 139 309 121 301 104 364 122 349 91 325 86 309 90 370 129 349 94 322 90 306 97 368 140 350 105 323 99 305 105 357 151 346 124 329 112 313 109 
351 197 327 168 321 140 310 122 302 105 363 123 350 91 326 85 310 89 369 130 350 94 323 89 307 96 367 140 351 104 325 98 307 103 356 151 346 123 329 112 314 109 
351 197 326 167 320 139 310 121 302 103 363 122 350 91 326 85 310 89 369 129 350 94 323 89 307 96 368 139 351 104 324 98 307 104 357 150 346 122 329 111 313 108 
351 197 327 169 321 140 310 122 302 104 366 123 351 92 327 86 311 90 372 130 351 93 324 89 308 96 370 140 352 103 325 97 307 103 359 150 347 122 329 111 313 108 
351 196 327 167 322 140 312 122 304 105 365 123 352 91 328 84 312 89 371 130 351 94 325 89 309 96 368 140 351 104 325 98 307 104 357 150 345 121 327 110 311 108 
352 196 327 166 322 138 311 120 305 104 364 122 351 89 327 83 311 89 370 129 350 93 324 89 308 97 368 139 350 104 324 98 306 105 357 150 346 122 329 111 313 109 
352 198 327 168 322 140 311 122 303 105 364 123 352 91 328 86 312 90 370 130 351 94 325 89 309 96 369 140 352 104 326 98 308 105 358 151 347 122 330 111 313 109 
351 196 327 167 322 139 312 121 305 105 363 121 351 89 328 84 313 89 370 128 351 92 325 89 310 96 369 138 352 103 326 98 308 105 358 149 347 121 329 110 313 108 
352 197 328 167 322 139 312 121 305 105 364 121 351 89 328 84 313 90 371 128 352 92 326 89 311 97 369 138 353 102 326 98 309 105 359 149 348 121 330 110 314 108 
353 197 328 168 323 140 313 122 305 105 365 122 352 89 330 85 315 90 372 129 352 92 326 89 311 97 371 138 353 102 326 97 309 105 360 149 348 120 330 109 314 107 
353 196 329 166 323 138 313 120 306 103 367 121 352 88 329 84 313 89 373 128 352 92 326 89 310 97 371 139 353 102 326 98 308 105 360 150 349 121 331 109 314 106 
354 196 329 166 323 138 313 120 305 103 366 121 352 87 329 83 313 89 372 128 353 91 326 87 310 96 371 138 353 101 326 96 309 104 360 148 349 119 331 108 315 107 
355 198 330 168 324 140 313 122 306 105 365 122 353 89 330 84 314 89 371 129 352 92 326 88 311 96 371 138 353 102 327 97 309 105 360 149 349 119 331 108 314 107 
356 196 330 166 323 137 313 118 307 102 366 120 353 87 330 83 314 88 373 127 354 90 327 87 311 95 372 137 355 101 328 96 310 103 361 149 351 119 334 108 318 104 
356 195 331 164 325 135 315 116 309 100 369 120 355 86 332 82 317 87 375 127 355 90 328 86 313 94 373 138 355 100 329 95 311 102 361 149 351 119 334 107 318 104 
356 193 331 163 325 135 314 117 307 100 368 118 355 84 331 80 316 86 374 125 356 88 328 85 313 94 372 136 356 99 329 94 311 102 361 147 351 117 334 106 318 103 
357 193 332 164 326 136 314 118 308 102 371 117 356 84 332 79 318 85 377 124 357 86 330 83 315 92 375 134 358 97 331 92 313 99 363 145 353 115 336 104 320 101 
358 191 334 163 327 135 315 116 308 100 374 117 357 82 333 78 319 84 380 124 358 85 330 82 315 91 377 134 358 96 330 91 313 98 363 145 354 114 337 102 321 99 
356 189 332 161 326 133 315 114 310 98 375 115 358 80 334 76 320 83 380 122 358 82 331 80 316 89 377 131 358 92 331 88 313 97 364 141 354 111 337 99 322 98 
357 187 334 159 328 132 317 115 312 99 377 115 362 81 340 74 325 80 382 121 363 81 336 76 321 85 379 129 363 91 337 84 320 91 366 137 357 108 340 96 325 93 
356 184 334 157 329 131 320 114 316 99 379 115 365 80 342 73 327 78 384 121 364 80 338 76 323 83 380 128 364 90 338 83 321 89 366 136 358 105 342 93 327 90 
356 183 335 157 331 131 323 114 318 98 379 117 367 82 345 74 329 78 384 122 367 81 340 75 325 82 380 128 367 88 340 81 323 87 368 133 360 102 343 91 328 90 
356 179 335 154 332 129 324 111 321 95 380 116 369 82 348 73 333 77 386 121 369 79 343 74 327 81 382 126 369 86 343 79 326 86 370 131 362 100 345 89 331 88 
357 178 336 153 333 128 326 111 323 96 382 114 372 81 350 72 335 76 388 118 371 79 346 73 330 80 385 124 371 85 346 79 328 85 374 128 365 98 348 87 333 87 
357 176 337 150 334 125 327 107 325 93 383 114 374 80 353 71 338 74 388 118 373 79 349 73 333 79 386 124 374 86 349 78 331 84 375 128 369 98 353 86 337 85 
358 174 338 149 335 124 327 106 327 92 384 113 374 80 354 71 339 74 390 117 375 78 351 72 336 78 388 122 376 84 352 76 334 82 377 126 371 95 355 84 339 83 
357 171 339 147 336 123 329 105 329 91 385 112 377 79 357 70 342 73 391 116 377 77 353 70 338 76 389 121 377 83 353 75 336 80 379 125 372 94 356 82 340 81 
358 170 339 146 336 122 330 102 332 88 386 113 378 79 359 70 345 73 392 116 379 77 356 70 341 75 391 121 380 83 357 74 339 79 381 124 375 92 359 81 343 79 
360 169 342 146 339 123 332 105 332 93 388 112 378 78 358 70 345 74 394 115 379 75 355 69 341 74 392 119 379 80 356 73 339 78 383 121 375 89 358 78 343 78 
361 168 343 145 340 122 333 104 332 92 390 111 380 77 360 70 346 74 396 114 380 75 357 69 343 74 394 118 380 79 357 72 340 78 383 120 377 88 361 77 344 77 
362 168 343 145 340 121 333 103 334 90 390 111 381 77 362 69 348 72 396 114 381 74 359 67 345 72 394 118 382 79 360 71 343 77 384 119 378 88 362 76 346 76 
361 166 343 142 340 119 333 101 335 90 391 110 381 76 361 68 348 72 396 113 382 74 359 67 345 72 394 117 382 78 360 70 343 76 383 119 377 87 362 76 347 76 
361 166 343 143 341 120 334 102 334 90 390 109 381 75 360 69 347 73 396 112 380 73 357 68 343 74 393 116 381 77 358 70 342 77 383 118 377 86 362 76 346 76 
360 166 343 143 341 119 334 101 334 90 391 109 380 74 360 68 346 72 396 112 380 73 357 67 344 73 394 116 380 77 358 70 342 76 383 119 376 87 361 76 346 76 
360 166 342 142 339 118 333 99 335 89 390 109 381 75 361 69 347 73 395 113 381 73 358 68 345 73 393 117 380 77 358 71 342 77 382 119 375 87 359 76 345 77 
359 167 342 142 341 119 334 102 333 91 391 109 381 75 359 69 346 73 395 113 380 73 356 68 342 74 391 117 379 77 355 71 340 78 380 119 373 87 358 77 344 78 
359 168 342 144 340 119 334 101 335 90 390 110 381 76 360 70 346 73 394 114 380 74 357 69 343 74 391 118 379 78 356 72 341 78 379 120 373 89 358 78 344 78 
359 168 342 143 340 118 333 100 333 90 391 110 380 76 359 70 346 74 394 114 379 73 356 68 343 74 390 117 378 77 355 71 340 78 378 119 371 87 357 77 343 78 
358 169 342 144 341 120 334 102 333 93 390 111 380 76 359 70 345 74 394 114 379 74 355 69 342 74 390 118 378 79 355 72 339 77 378 120 371 89 357 78 343 78 
360 169 343 144 341 120 334 103 334 92 391 112 380 77 360 71 346 75 394 115 378 73 355 69 342 76 390 118 377 77 354 71 338 79 378 119 371 86 356 76 342 78 
359 168 343 144 341 120 335 102 335 91 392 113 383 77 362 70 348 74 395 116 381 74 357 69 344 74 390 118 378 78 355 71 339 78 378 119 371 86 355 77 342 78 
360 168 343 144 342 120 335 103 333 92 392 112 382 78 361 71 348 75 395 115 381 74 357 69 344 74 390 119 379 78 356 72 341 78 379 120 373 87 358 77 344 78 
359 169 343 145 343 121 336 103 336 91 392 113 383 78 362 71 348 74 395 117 382 75 358 69 344 74 391 120 380 79 357 72 341 78 379 121 374 88 359 77 345 78 
360 169 344 144 343 121 337 105 336 93 393 112 383 78 362 71 348 75 396 116 381 74 358 69 344 75 391 119 379 78 356 72 341 78 379 120 374 87 358 77 344 78 
361 169 344 144 343 121 337 104 336 91 393 113 384 78 364 71 350 74 396 115 382 74 359 69 346 74 391 118 380 77 357 71 342 78 380 119 374 86 358 76 344 78 
360 169 344 144 342 120 336 103 336 91 392 113 384 79 364 72 350 75 395 117 383 75 360 69 346 75 391 120 381 78 358 72 343 79 380 120 374 87 359 77 345 78 
359 169 343 144 342 120 336 102 336 90 392 112 383 78 363 71 349 75 395 115 382 74 359 68 346 74 391 118 380 78 358 71 343 77 379 119 373 87 358 77 345 78 
359 171 343 145 342 121 336 103 336 92 392 113 383 79 361 72 348 76 395 116 382 75 358 70 344 76 390 119 380 79 357 72 342 79 378 120 373 88 358 78 345 78 
360 171 343 146 342 122 336 103 338 92 391 114 383 79 361 72 348 76 395 117 382 75 358 70 344 76 390 120 379 79 356 72 341 79 378 121 372 88 357 78 344 79 
359 172 343 148 342 124 336 106 336 94 392 115 383 79 361 72 348 76 395 118 381 75 357 70 344 76 390 121 379 79 355 73 340 80 377 122 371 88 355 78 341 79 
359 173 342 147 341 124 336 106 335 94 392 115 382 79 361 72 347 76 394 118 381 76 357 71 343 77 389 122 379 80 355 74 340 80 377 123 371 90 356 79 343 79 
359 172 342 147 342 123 336 106 335 93 392 114 382 78 361 71 347 75 395 118 380 76 356 71 343 77 389 122 377 80 354 74 338 80 377 124 370 91 354 80 341 81 
358 173 341 148 341 124 336 107 336 94 391 114 382 78 361 72 347 75 394 119 380 77 356 72 342 77 389 123 378 82 354 75 338 81 376 125 370 92 355 81 341 81 
359 174 341 148 341 125 336 107 335 94 391 115 382 79 361 72 347 75 394 119 380 77 356 71 343 77 388 123 378 82 354 75 338 81 376 125 369 92 354 82 340 82 
358 174 341 149 341 126 336 108 336 96 390 115 381 79 360 73 346 76 393 119 379 77 355 73 341 79 388 123 376 82 352 76 337 82 375 125 368 92 353 82 340 83 
359 175 341 149 340 125 335 108 333 95 390 116 380 80 359 73 346 77 393 120 379 77 355 72 342 79 387 124 376 83 353 76 337 81 374 127 367 94 352 83 340 83 
359 175 341 151 340 127 334 109 333 96 390 116 380 80 359 73 346 78 392 120 379 77 355 72 342 79 387 124 376 82 352 76 337 82 373 126 366 93 350 83 338 84 
358 176 340 150 339 126 333 108 333 95 388 116 380 80 359 73 345 78 391 121 379 78 354 73 341 80 385 125 376 84 352 77 337 83 372 128 366 95 351 84 338 85 
356 176 338 151 338 126 332 109 331 96 388 116 379 80 358 72 343 76 391 120 378 78 353 73 339 80 386 126 375 84 350 78 334 84 373 129 366 96 350 86 337 85 
357 178 338 152 336 126 330 108 328 97 387 116 378 79 356 73 343 77 390 121 377 79 352 74 338 80 384 127 374 85 349 79 334 85 371 130 364 98 349 86 337 86 
355 177 337 151 336 126 330 108 328 96 385 115 377 79 355 72 341 76 388 121 375 79 350 74 337 81 382 127 372 86 348 79 333 86 368 131 362 99 348 87 336 87 
354 178 335 152 335 126 329 108 328 95 385 116 376 79 354 72 340 76 388 121 374 79 349 74 336 82 383 127 371 86 347 80 331 86 369 132 362 99 347 88 335 87 
354 179 336 153 334 128 328 110 327 97 384 118 376 81 354 74 341 78 387 123 375 80 350 75 336 82 381 128 372 86 347 80 332 86 367 131 361 98 346 87 333 87 
354 180 335 154 335 129 329 112 326 98 385 118 375 82 354 74 340 79 387 123 373 80 348 75 335 83 382 127 370 86 346 80 331 87 368 131 361 97 345 87 333 88 
353 179 335 153 334 128 328 110 326 98 385 119 376 82 355 74 341 79 387 123 375 81 350 75 337 82 381 128 371 87 347 80 332 86 367 132 361 99 346 88 334 88 
352 180 335 155 335 130 329 112 327 99 385 120 376 83 355 76 341 80 387 125 375 82 350 76 336 83 381 129 372 88 348 80 332 86 368 132 362 99 346 88 334 87 
352 180 334 154 334 129 328 111 326 99 385 119 376 83 354 76 341 80 388 124 375 81 350 76 336 83 382 129 371 87 347 80 332 87 369 132 362 99 347 88 335 88 
352 181 335 156 334 131 328 112 326 100 386 121 377 84 355 77 342 81 388 125 375 82 350 77 336 83 382 129 371 87 347 80 332 87 369 132 362 98 346 88 334 88 
353 182 334 156 334 131 328 114 325 101 384 121 375 84 354 77 340 82 388 125 374 82 349 77 335 83 383 130 372 88 347 81 331 87 369 133 363 100 348 89 335 88 
351 182 333 156 332 131 326 114 323 101 383 121 375 84 353 78 338 82 387 125 373 82 348 78 334 84 382 130 371 88 346 81 330 88 369 133 362 100 347 89 334 90 
351 182 332 157 332 132 326 115 324 102 383 122 374 85 353 78 339 82 386 126 373 83 348 78 334 84 381 130 370 88 346 82 330 88 368 133 361 99 345 89 333 90 
351 183 332 158 330 133 324 115 323 102 382 122 373 86 351 79 337 83 386 126 371 83 347 78 333 85 381 130 369 88 344 81 329 88 368 132 360 99 344 89 332 89 
349 182 330 158 329 133 323 115 321 101 381 121 372 85 351 77 338 81 385 126 371 83 346 77 333 84 380 130 368 88 344 81 328 88 367 133 360 100 344 90 331 90 
349 184 330 159 328 133 322 115 322 105 380 122 371 86 350 79 336 83 383 126 370 84 345 79 331 86 379 131 367 89 343 83 328 89 366 134 359 100 343 90 331 90 
348 184 330 160 328 135 322 116 321 102 380 124 371 87 349 79 335 83 384 128 370 84 345 78 330 85 379 131 368 89 343 82 326 89 366 133 359 99 343 89 329 90 
350 185 330 161 327 136 320 118 319 104 379 124 370 87 349 80 335 84 384 127 369 84 344 79 330 85 379 131 367 88 342 82 327 89 367 133 358 100 342 90 329 90 
348 185 329 161 327 136 320 117 319 102 378 124 369 87 348 80 333 84 382 128 368 84 343 78 329 85 379 131 367 88 342 82 325 90 367 133 358 98 341 89 328 90 
349 185 329 161 326 136 320 118 318 103 379 125 369 88 347 80 333 83 383 128 368 84 343 78 329 85 379 131 366 88 341 81 325 89 366 132 358 98 341 89 328 90 
349 185 329 160 326 135 319 117 318 102 378 124 368 87 347 79 333 83 383 128 368 84 343 78 328 85 378 131 366 88 341 82 325 89 366 133 358 99 341 90 327 91 
348 184 329 160 326 135 320 117 318 102 378 123 369 86 348 78 334 81 382 127 368 83 343 77 328 84 378 131 366 88 340 81 324 88 365 133 357 100 341 89 328 90 
349 184 329 160 327 135 320 117 319 103 379 123 369 87 348 79 334 82 383 127 369 84 344 78 329 84 378 131 366 89 341 82 325 88 365 133 356 100 340 89 327 90 
350 184 329 159 326 134 320 115 318 100 378 123 368 86 348 78 334 82 383 126 367 83 342 77 329 84 378 130 365 87 340 81 325 88 366 132 356 99 340 89 327 90 
350 183 330 159 327 134 321 116 321 103 380 122 370 85 348 77 334 81 383 126 369 83 344 77 329 83 378 130 366 88 341 81 325 87 364 132 356 99 340 89 327 89 
351 182 331 158 329 133 322 115 320 101 381 121 371 85 350 77 336 80 384 125 369 82 344 76 330 83 379 129 366 87 342 80 326 87 365 131 357 98 340 88 327 89 
352 180 333 155 331 130 325 113 323 99 383 120 373 84 352 75 338 79 385 124 371 82 346 75 332 82 379 128 368 87 343 80 327 86 365 131 358 98 342 87 328 88 
353 179 334 153 332 128 326 111 324 98 384 119 375 82 354 74 339 77 386 123 373 81 348 75 333 81 380 128 370 87 345 79 328 85 366 130 360 98 345 87 331 87 
353 178 336 152 334 128 327 110 325 97 384 118 376 82 355 74 340 77 386 122 374 81 350 74 335 80 381 127 371 87 347 79 331 84 367 130 362 98 347 87 334 86 
354 178 336 152 334 128 328 110 325 97 384 118 377 82 355 73 341 77 386 123 375 81 351 74 336 80 381 128 373 87 349 78 332 84 367 131 363 98 348 87 335 86 
354 177 336 152 335 127 328 110 326 97 384 117 377 81 355 73 341 76 387 122 375 80 350 74 336 80 382 127 372 86 348 78 332 84 369 130 363 98 348 86 335 87 
355 177 336 152 335 127 329 109 326 95 385 117 377 81 356 72 342 75 388 121 376 80 352 73 337 79 383 127 374 86 350 78 333 83 371 130 365 98 350 87 336 86 
355 178 338 153 336 128 329 110 326 97 385 118 377 81 356 73 341 77 388 122 377 81 352 74 338 80 383 128 375 87 351 79 334 84 370 132 365 100 350 88 337 87 
356 179 337 153 336 128 329 110 327 96 384 118 378 81 356 72 342 76 388 122 377 81 352 73 338 79 384 128 375 87 351 78 334 84 371 131 366 99 351 87 337 86 
356 179 337 155 335 129 328 111 327 97 383 119 377 83 356 74 342 78 387 123 377 81 352 74 338 81 383 128 375 87 350 79 334 85 370 131 365 99 350 87 337 87 
355 180 336 154 335 129 328 111 326 97 383 118 376 82 355 73 340 77 387 123 376 81 351 74 336 81 383 128 375 88 349 80 333 86 371 132 366 100 350 89 336 88 
355 180 336 154 335 129 328 112 326 98 384 119 377 83 356 74 341 77 388 123 376 82 351 75 336 81 384 128 375 88 350 80 333 86 372 132 367 100 351 88 336 88 
356 180 337 155 335 130 328 112 326 98 385 119 377 83 356 74 341 78 388 124 376 82 351 75 337 81 383 129 374 88 349 80 333 86 370 133 365 101 350 90 336 89 
356 182 337 157 335 132 328 114 326 98 382 120 376 84 354 75 340 79 387 125 376 82 350 76 336 82 383 130 374 88 349 81 332 87 371 133 365 101 349 89 336 89 
357 185 337 159 334 134 327 115 324 99 382 123 374 86 353 77 339 81 386 126 375 84 349 77 335 83 382 130 374 89 349 81 332 88 370 133 364 101 348 89 335 89 
356 184 336 159 333 133 325 114 323 99 384 121 375 85 353 76 338 79 388 125 374 83 348 76 333 83 384 130 372 89 346 82 330 88 371 134 363 101 347 90 333 91 
356 185 336 159 334 134 326 116 324 101 383 122 375 85 353 77 339 81 386 126 374 84 349 77 334 84 382 132 372 90 347 82 331 89 369 136 363 103 347 91 334 90 
356 186 336 161 333 134 325 116 323 101 383 123 375 87 353 78 338 81 386 127 374 84 348 77 333 84 382 132 372 90 347 83 330 89 369 135 363 102 346 91 332 90 
356 187 335 162 332 135 325 117 322 101 382 124 375 88 354 78 339 81 387 128 375 85 349 78 334 85 382 133 373 91 347 83 330 89 370 136 363 103 346 92 332 92 
356 188 335 163 332 137 324 118 322 102 383 124 374 88 352 79 338 83 387 128 373 85 347 79 333 86 383 133 371 91 346 84 329 90 370 137 362 104 346 92 332 91 
357 189 336 164 332 138 324 119 322 104 384 125 374 88 352 80 337 84 387 129 373 86 347 80 332 87 382 134 370 92 345 85 329 91 368 138 360 105 344 93 331 92 
357 191 336 166 332 140 324 121 321 105 383 126 373 89 351 81 336 85 387 130 372 86 346 81 331 88 382 134 369 93 344 86 328 93 369 138 360 105 343 94 329 94 
358 191 336 167 332 140 324 121 320 104 384 127 373 90 351 81 337 85 387 131 372 87 345 81 331 88 381 136 369 93 343 86 327 93 367 139 358 105 342 94 328 94 
357 193 335 168 331 141 324 122 320 106 381 128 372 90 350 83 335 87 385 131 370 88 344 83 330 90 380 137 367 95 341 88 325 96 367 140 357 107 340 96 327 96 
357 195 334 168 331 142 324 124 321 108 381 129 372 92 350 83 334 87 384 133 369 90 343 84 328 92 379 138 366 96 340 90 323 97 366 141 355 108 337 98 323 99 
357 197 334 171 329 145 321 126 316 110 380 129 370 93 347 85 332 89 384 133 368 91 341 86 326 94 380 138 365 97 339 92 322 100 367 142 354 109 336 100 322 101 
357 200 334 175 329 148 321 130 315 114 379 132 367 95 345 88 330 93 382 136 366 94 339 89 325 97 378 142 363 100 337 94 321 102 365 146 352 112 334 102 320 103 
357 201 334 175 328 149 319 131 313 115 378 132 367 96 344 89 329 94 382 136 365 95 338 90 323 98 377 142 361 102 336 96 320 104 364 147 350 115 333 104 318 105 
355 205 332 178 327 152 317 134 312 118 378 135 364 100 342 94 328 99 381 140 362 99 336 95 322 102 376 147 358 107 333 101 318 109 361 153 348 121 330 110 317 110 
355 207 331 181 326 155 316 136 311 120 377 138 364 102 342 96 327 100 381 142 361 101 335 97 321 104 375 149 357 108 331 103 316 110 360 154 346 121 328 111 314 111 
354 207 330 181 325 155 316 137 309 119 376 139 364 103 341 96 325 99 380 144 361 103 335 98 319 106 375 151 357 111 331 105 315 112 362 156 347 124 328 114 314 114 
352 208 329 182 323 156 314 138 309 121 377 141 363 105 340 98 325 102 381 146 361 105 335 100 320 107 375 153 357 113 331 107 315 114 361 158 347 126 329 115 315 115 
350 210 327 183 322 157 313 139 309 124 375 142 363 107 340 100 325 104 378 148 360 107 334 102 319 108 374 155 356 116 330 109 314 115 360 161 346 129 329 118 315 117 
350 213 327 185 322 159 313 142 308 126 373 143 362 109 340 102 324 106 378 149 359 110 333 104 318 111 373 157 355 119 329 112 313 118 360 164 346 133 329 122 315 121 
350 217 326 188 321 162 312 145 306 128 372 147 360 112 338 105 322 109 376 153 357 113 331 107 315 113 371 161 352 122 327 115 310 120 357 168 344 136 327 124 313 122 
350 222 325 193 319 166 310 148 303 131 370 151 362 117 341 108 325 108 373 156 354 116 329 110 313 116 368 164 349 124 324 117 307 123 354 170 340 138 323 127 309 125 
349 225 323 198 317 171 307 154 302 137 365 151 352 117 329 112 314 116 370 156 349 117 323 114 308 122 366 164 346 126 320 120 303 128 353 172 340 140 321 129 307 129 
349 230 323 204 315 176 305 159 299 141 362 155 348 121 326 117 311 122 367 160 345 122 319 119 304 127 364 168 343 130 317 125 301 133 353 176 338 146 320 135 305 135 
349 233 322 209 313 180 302 162 296 145 359 157 343 123 320 119 306 125 365 162 343 124 317 122 303 131 364 171 343 133 317 130 301 138 353 180 339 150 321 140 306 139 
350 239 323 214 314 186 303 168 295 150 361 164 344 132 321 127 306 133 367 168 345 131 317 128 302 136 365 176 345 139 318 135 301 143 355 185 340 156 321 147 305 147 
349 242 324 216 316 188 304 171 296 154 363 167 344 136 321 130 306 134 370 171 344 135 317 131 302 139 368 179 345 143 318 138 301 146 357 188 342 159 323 150 307 150 
349 246 326 221 318 194 307 177 298 160 364 175 348 143 325 137 310 141 370 179 350 142 322 137 306 144 370 186 352 149 324 144 306 151 361 194 349 164 329 155 312 154 
351 246 327 220 320 194 309 177 300 160 366 175 352 143 328 137 313 142 374 179 354 143 326 139 309 147 373 187 356 152 327 146 309 154 363 195 351 167 331 157 315 157 
352 246 329 221 322 195 310 179 301 162 369 177 354 145 331 140 315 145 376 181 355 145 327 142 310 149 376 189 358 154 329 149 309 156 366 198 355 169 336 159 318 157 
353 246 330 223 324 197 313 181 304 164 365 178 355 146 333 141 318 147 372 183 358 148 331 144 314 151 374 191 360 156 333 151 314 158 367 199 358 170 339 161 321 160 
352 247 331 224 325 198 314 182 306 165 368 179 358 148 336 143 320 149 376 183 360 150 333 146 316 155 378 191 363 157 335 153 316 161 371 199 362 172 341 162 324 162 
353 247 333 226 326 201 316 185 308 169 369 181 361 150 338 146 323 151 376 185 364 152 337 148 320 156 379 193 368 160 340 155 321 162 374 202 366 175 346 166 329 166 
357 249 337 229 330 204 319 188 310 172 375 184 365 153 343 148 328 154 382 188 370 155 342 150 324 158 384 196 373 163 345 158 326 164 378 206 371 179 351 169 333 168 
359 251 340 231 333 206 322 190 315 175 376 188 369 155 347 151 332 157 384 192 374 159 347 154 329 161 387 201 379 169 351 162 331 167 382 212 377 186 358 175 341 173 
361 254 344 235 336 210 325 194 319 178 378 191 373 159 352 153 337 159 385 196 378 163 352 158 334 164 389 205 384 173 357 166 337 171 386 215 384 190 366 178 349 174 
366 258 348 239 340 214 329 198 323 182 381 196 379 163 357 156 342 161 389 200 383 167 357 161 339 167 393 208 388 177 361 170 341 174 390 218 387 192 368 181 350 179 
369 261 352 242 343 218 332 201 327 187 385 198 382 165 360 160 345 166 393 203 386 170 360 166 342 172 397 212 391 181 364 174 345 179 394 223 392 197 373 185 356 182 
372 265 355 247 344 221 334 204 332 192 387 201 382 167 361 165 347 173 395 206 387 174 361 172 345 179 399 215 393 185 367 179 349 184 398 227 395 201 378 190 362 187 
375 272 356 252 345 226 335 208 334 196 386 205 380 171 358 172 346 182 394 210 387 178 361 178 346 187 399 219 394 189 368 184 351 190 400 231 398 206 380 195 363 191 
374 279 357 260 346 234 336 216 336 204 384 211 383 177 363 176 350 185 393 217 390 185 365 185 351 193 399 227 398 196 373 191 356 197 401 239 401 214 384 203 368 200 
379 287 359 268 347 242 339 225 338 212 383 217 386 184 370 176 358 177 393 224 391 192 367 192 353 200 400 234 399 204 374 200 357 206 404 247 403 224 386 214 370 211 
384 292 361 276 348 249 343 232 347 224 376 219 378 185 373 164 370 148 390 225 383 198 366 201 356 211 400 235 391 212 373 214 362 223 407 249 401 230 385 227 374 232 
388 294 372 277 362 254 358 240 360 233 375 224 374 191 372 170 369 150 382 228 377 199 374 193 373 185 388 236 381 219 379 231 381 241 393 249 386 234 382 243 383 252 
-1 -1 -1 -1 -1 -1 -1 -1 -1 -1 -1 -1 -1 -1 -1 -1 -1 -1 -1 -1 -1 -1 -1 -1 -1 -1 -1 -1 -1 -1 -1 -1 -1 -1 -1 -1 -1 -1 -1 -1 -1 -1 
-1 -1 -1 -1 -1 -1 -1 -1 -1 -1 -1 -1 -1 -1 -1 -1 -1 -1 -1 -1 -1 -1 -1 -1 -1 -1 -1 -1 -1 -1 -1 -1 -1 -1 -1 -1 -1 -1 -1 -1 -1 -1 
-1 -1 -1 -1 -1 -1 -1 -1 -1 -1 -1 -1 -1 -1 -1 -1 -1 -1 -1 -1 -1 -1 -1 -1 -1 -1 -1 -1 -1 -1 -1 -1 -1 -1 -1 -1 -1 -1 -1 -1 -1 -1 
-1 -1 -1 -1 -1 -1 -1 -1 -1 -1 -1 -1 -1 -1 -1 -1 -1 -1 -1 -1 -1 -1 -1 -1 -1 -1 -1 -1 -1 -1 -1 -1 -1 -1 -1 -1 -1 -1 -1 -1 -1 -1 
-1 -1 -1 -1 -1 -1 -1 -1 -1 -1 -1 -1 -1 -1 -1 -1 -1 -1 -1 -1 -1 -1 -1 -1 -1 -1 -1 -1 -1 -1 -1 -1 -1 -1 -1 -1 -1 -1 -1 -1 -1 -1 
-1 -1 -1 -1 -1 -1 -1 -1 -1 -1 -1 -1 -1 -1 -1 -1 -1 -1 -1 -1 -1 -1 -1 -1 -1 -1 -1 -1 -1 -1 -1 -1 -1 -1 -1 -1 -1 -1 -1 -1 -1 -1 
-1 -1 -1 -1 -1 -1 -1 -1 -1 -1 -1 -1 -1 -1 -1 -1 -1 -1 -1 -1 -1 -1 -1 -1 -1 -1 -1 -1 -1 -1 -1 -1 -1 -1 -1 -1 -1 -1 -1 -1 -1 -1 
-1 -1 -1 -1 -1 -1 -1 -1 -1 -1 -1 -1 -1 -1 -1 -1 -1 -1 -1 -1 -1 -1 -1 -1 -1 -1 -1 -1 -1 -1 -1 -1 -1 -1 -1 -1 -1 -1 -1 -1 -1 -1 
-1 -1 -1 -1 -1 -1 -1 -1 -1 -1 -1 -1 -1 -1 -1 -1 -1 -1 -1 -1 -1 -1 -1 -1 -1 -1 -1 -1 -1 -1 -1 -1 -1 -1 -1 -1 -1 -1 -1 -1 -1 -1 
-1 -1 -1 -1 -1 -1 -1 -1 -1 -1 -1 -1 -1 -1 -1 -1 -1 -1 -1 -1 -1 -1 -1 -1 -1 -1 -1 -1 -1 -1 -1 -1 -1 -1 -1 -1 -1 -1 -1 -1 -1 -1 
