-1 -1 -1 -1 -1 -1 -1 -1 -1 -1 -1 -1 -1 -1 -1 -1 -1 -1 -1 -1 -1 -1 -1 -1 -1 -1 -1 -1 -1 -1 -1 -1 -1 -1 -1 -1 -1 -1 -1 -1 -1 -1 
-1 -1 -1 -1 -1 -1 -1 -1 -1 -1 -1 -1 -1 -1 -1 -1 -1 -1 -1 -1 -1 -1 -1 -1 -1 -1 -1 -1 -1 -1 -1 -1 -1 -1 -1 -1 -1 -1 -1 -1 -1 -1 
-1 -1 -1 -1 -1 -1 -1 -1 -1 -1 -1 -1 -1 -1 -1 -1 -1 -1 -1 -1 -1 -1 -1 -1 -1 -1 -1 -1 -1 -1 -1 -1 -1 -1 -1 -1 -1 -1 -1 -1 -1 -1 
236 94 226 77 223 58 229 43 234 35 207 53 218 35 225 34 229 36 215 53 223 29 229 17 231 8 225 54 233 39 234 46 233 52 234 55 238 46 238 51 237 57 
236 93 227 77 225 59 230 44 236 34 207 53 219 35 226 35 228 37 214 53 225 36 231 39 233 44 223 54 232 40 235 46 234 53 232 55 236 44 237 47 236 51 
236 94 227 79 226 61 231 47 237 37 208 52 221 38 227 40 228 44 215 52 226 40 230 46 231 53 224 53 232 43 234 50 233 56 232 54 235 42 235 42 235 43 
235 92 233 71 231 55 234 43 236 33 210 49 224 38 230 41 232 43 215 52 227 43 232 50 233 56 221 55 232 48 235 56 233 62 228 57 233 52 236 57 235 62 
235 90 222 78 219 63 223 50 229 44 211 54 218 43 221 48 220 54 220 53 225 44 226 49 226 55 229 53 232 45 232 50 231 56 238 54 237 43 236 38 236 36 
236 88 221 78 215 64 216 53 219 46 211 54 216 43 219 49 219 54 221 53 224 44 226 49 226 56 232 53 231 45 233 51 233 58 240 53 237 41 237 33 236 27 
236 88 221 78 217 65 219 53 223 49 213 54 220 44 223 48 222 53 223 53 227 46 227 51 226 58 232 53 234 47 234 53 233 60 240 54 239 42 240 35 240 30 
237 87 221 77 215 65 214 55 214 49 218 54 215 46 217 52 218 57 226 53 222 46 222 51 223 57 235 54 229 47 229 52 229 58 241 55 237 44 236 40 236 38 
235 86 221 77 216 65 218 54 221 48 212 55 218 45 221 49 220 54 221 53 225 45 227 51 226 56 231 53 233 49 234 55 233 60 239 54 238 49 237 54 236 59 
236 85 223 78 216 66 215 56 216 49 217 60 215 46 218 47 219 51 225 58 221 44 222 46 224 50 233 57 227 44 228 47 229 52 240 56 235 44 234 41 233 40 
233 84 220 74 217 62 220 52 225 47 209 53 219 44 222 48 221 53 218 52 226 44 228 50 227 56 228 53 234 48 234 55 232 60 237 54 238 51 238 56 236 61 
233 84 219 76 214 66 212 56 212 50 215 56 217 46 219 48 220 52 223 54 223 45 223 49 224 54 232 54 229 46 229 51 229 56 239 55 235 47 233 49 233 51 
233 83 220 75 215 64 214 54 213 47 211 55 219 45 223 47 223 51 219 53 226 46 229 51 229 57 227 54 233 49 235 55 234 60 235 56 238 53 239 58 238 63 
233 81 219 75 214 64 215 54 218 49 211 55 217 45 220 49 220 53 219 52 224 45 226 50 225 55 229 52 233 47 233 53 232 58 237 53 239 51 239 57 238 61 
232 80 219 72 215 62 216 53 219 49 211 53 218 45 221 47 221 50 219 51 225 46 227 50 227 55 228 52 234 49 234 54 233 59 236 54 239 53 239 58 238 62 
233 80 222 74 218 63 218 53 219 48 216 59 217 47 220 47 221 49 222 57 222 45 224 48 225 52 228 55 227 45 229 50 229 55 234 54 232 48 233 52 233 56 
232 78 219 75 214 67 214 59 215 52 212 59 213 50 217 50 219 52 220 56 222 47 225 50 226 53 229 54 232 49 233 52 232 56 238 54 239 51 239 55 238 59 
231 77 220 72 215 64 213 57 212 52 217 55 216 49 217 50 218 51 224 54 222 48 223 50 224 52 231 54 229 49 229 53 229 56 237 56 235 51 234 54 234 58 
231 76 221 73 217 66 216 58 215 53 220 58 219 52 219 53 220 54 225 56 223 51 224 52 226 54 230 55 228 51 228 54 229 57 235 56 233 53 232 55 233 58 
-1 -1 -1 -1 -1 -1 -1 -1 -1 -1 -1 -1 -1 -1 -1 -1 -1 -1 -1 -1 -1 -1 -1 -1 -1 -1 -1 -1 -1 -1 -1 -1 -1 -1 -1 -1 -1 -1 -1 -1 -1 -1 
326 200 302 200 280 181 272 161 278 141 286 135 276 100 270 112 271 129 302 131 293 93 284 110 285 127 319 132 314 95 303 109 300 127 338 136 332 108 319 112 311 123 
327 204 303 203 280 182 272 161 280 140 286 137 275 104 267 114 269 130 302 132 293 95 283 111 284 129 320 132 314 95 302 108 299 126 339 136 332 107 319 110 312 122 
327 206 302 204 280 183 272 160 281 140 284 137 274 103 267 115 270 132 301 132 292 95 283 113 284 132 319 132 312 95 301 110 299 129 339 135 332 107 319 110 313 123 
328 209 302 204 281 180 274 156 281 136 284 139 274 104 268 116 270 132 302 134 292 96 283 112 285 131 319 133 313 95 302 109 299 129 338 136 332 107 319 111 312 123 
328 210 302 204 281 182 273 159 280 139 285 138 275 103 269 115 271 132 302 134 293 96 284 113 285 133 320 134 314 95 302 110 300 130 339 137 333 108 320 111 313 124 
328 211 303 205 282 182 274 160 280 139 285 138 275 103 269 115 272 132 303 133 294 95 285 113 286 132 321 133 315 95 304 110 301 130 340 137 334 107 321 111 314 124 
328 211 301 204 281 180 273 157 279 136 285 137 276 102 269 114 272 131 303 133 294 94 285 112 286 132 321 133 315 94 304 109 301 129 340 137 334 107 322 110 314 123 
328 210 301 203 280 179 272 155 279 134 284 137 274 101 268 114 271 131 302 132 292 93 284 111 286 131 320 132 314 94 303 108 300 128 339 136 334 107 321 110 314 122 
328 210 300 201 280 178 272 155 277 135 285 135 275 100 268 112 271 130 302 131 294 92 284 109 286 130 320 131 314 92 303 106 300 126 339 135 334 105 321 108 314 121 
327 208 299 200 279 175 271 152 275 130 283 134 273 98 267 110 270 127 301 130 292 91 282 108 284 128 319 130 313 92 301 105 298 124 338 134 333 106 320 107 313 119 
324 206 296 197 277 174 269 151 273 131 282 131 272 94 265 106 268 123 299 127 290 89 281 105 282 126 317 128 311 90 299 102 296 122 336 132 331 103 319 104 311 116 
323 205 296 196 276 174 267 152 270 132 281 129 270 94 263 105 266 123 298 126 289 88 279 105 280 125 316 127 310 89 298 102 294 120 335 131 330 102 318 103 309 115 
323 205 296 196 276 174 266 152 268 132 280 130 269 94 262 104 264 121 297 126 287 87 277 103 278 123 315 126 309 88 297 100 293 119 334 130 329 101 316 102 308 114 
322 204 294 195 274 172 264 150 265 129 279 128 269 92 261 103 263 120 296 124 286 86 276 102 276 123 314 125 308 87 295 100 292 119 333 129 328 100 315 102 307 114 
320 203 293 194 273 171 264 149 269 129 278 126 269 90 261 104 262 122 296 123 287 84 276 103 277 124 313 124 308 85 296 100 292 120 333 128 328 98 315 102 307 115 
318 203 291 194 271 171 261 149 263 128 277 126 268 89 260 102 261 120 295 123 286 84 276 102 275 122 313 124 308 86 295 99 291 119 332 129 328 99 315 101 306 113 
317 203 290 194 270 170 261 148 266 128 276 125 268 89 259 101 261 119 294 123 286 83 275 101 275 122 312 124 308 85 295 99 291 119 332 129 328 99 314 101 306 114 
317 203 290 193 270 171 262 149 267 129 276 125 269 88 260 100 260 118 294 122 287 83 275 100 274 121 312 124 308 85 295 99 290 118 331 129 327 100 314 101 305 113 
316 203 290 193 270 172 261 151 266 130 275 124 266 88 258 101 259 119 293 121 285 82 274 100 273 121 311 124 306 85 294 99 289 118 330 129 326 100 313 101 304 113 
315 204 289 194 269 171 261 150 265 129 274 125 266 89 258 101 258 119 292 122 285 83 274 100 273 121 310 125 307 86 294 99 288 118 330 130 326 100 313 101 303 112 
315 204 289 193 270 171 260 151 263 130 275 125 266 88 258 100 258 119 292 122 284 83 273 100 271 121 310 124 305 86 293 99 287 119 329 130 325 100 311 102 302 113 
314 204 288 193 268 171 259 150 262 129 274 125 266 89 257 101 257 119 291 122 283 83 272 100 271 121 309 124 305 85 292 99 287 118 329 130 324 100 311 102 301 113 
314 205 287 193 268 172 259 151 261 130 273 125 265 89 256 100 257 118 290 123 283 83 272 99 271 120 308 125 304 86 292 99 286 118 328 130 323 101 310 102 301 113 
312 205 284 194 265 171 256 150 252 129 270 126 263 89 255 100 255 118 287 123 281 84 270 100 268 121 305 125 302 87 289 99 284 119 325 130 321 101 308 102 299 113 
311 205 283 194 264 171 254 150 249 130 269 127 262 91 254 101 254 118 286 124 280 84 269 100 267 120 304 126 301 87 288 100 283 119 324 130 319 101 306 103 297 115 
310 204 282 193 264 170 254 150 246 131 268 126 262 89 253 100 252 117 285 124 279 84 267 100 265 120 303 125 300 87 287 99 281 118 322 130 319 101 305 103 295 115 
308 205 280 194 263 170 253 149 245 130 267 126 262 89 253 99 252 115 284 124 279 84 267 99 264 118 302 126 299 87 286 99 280 117 321 131 317 101 303 103 294 115 
307 203 278 191 259 166 246 145 235 125 266 125 260 88 251 98 249 114 283 124 276 84 264 99 262 119 300 126 297 87 282 99 277 118 319 131 315 101 301 103 291 116 
306 203 278 192 259 168 248 147 238 127 264 125 258 89 249 99 249 115 281 123 275 83 263 100 261 119 298 125 295 86 281 99 276 118 318 129 313 100 299 102 289 114 
304 202 276 191 258 167 248 147 240 128 263 124 258 88 248 97 247 112 280 123 275 83 262 98 259 117 297 124 294 86 280 97 274 116 317 129 312 100 298 101 288 113 
304 202 275 190 256 166 244 146 232 125 262 125 256 88 247 96 245 112 279 123 273 83 260 97 258 116 296 124 293 86 279 97 273 115 316 129 311 100 297 100 287 111 
303 200 274 189 255 165 243 145 231 125 261 123 255 87 245 95 243 110 278 121 271 82 258 97 255 116 295 123 291 85 276 97 270 115 314 128 309 99 294 100 284 111 
302 200 272 188 251 163 238 142 224 121 259 123 254 86 244 94 242 109 276 121 269 82 257 97 254 116 294 123 289 85 275 96 269 115 313 127 308 98 293 99 283 110 
301 199 272 188 254 165 243 145 234 126 259 122 252 86 242 94 241 109 275 121 268 82 255 96 253 115 292 122 288 84 273 96 268 114 312 127 306 97 291 98 282 110 
299 199 271 188 252 165 241 145 229 124 257 123 252 86 242 93 239 109 274 121 267 82 254 96 251 115 292 122 287 85 273 96 266 114 312 127 306 98 291 98 281 110 
299 199 271 189 252 165 243 146 233 126 257 123 250 87 239 95 237 110 273 121 266 82 252 96 250 115 291 122 286 85 271 95 265 114 311 127 305 98 290 98 280 110 
297 199 269 189 250 165 240 145 229 125 254 123 247 87 238 96 237 112 271 120 263 82 252 96 249 116 289 122 285 85 271 96 265 114 310 127 304 98 290 98 280 109 
298 199 270 190 252 167 243 148 237 128 254 124 246 89 237 98 236 114 271 121 263 83 251 97 249 116 289 122 284 85 270 96 264 115 309 127 303 98 289 98 279 110 
298 200 269 190 251 167 242 148 233 129 253 124 245 90 236 98 236 114 270 121 262 84 251 97 249 117 288 123 283 86 270 96 265 114 308 127 303 99 289 99 280 109 
297 200 268 190 250 168 241 148 232 128 252 125 244 90 236 98 235 114 269 122 261 84 250 98 248 118 287 124 282 87 269 97 264 116 307 128 302 100 288 100 278 111 
297 200 269 191 250 169 240 149 231 130 251 126 243 91 234 100 233 115 268 123 261 84 249 98 247 118 287 124 282 86 269 98 264 116 307 128 301 99 288 101 278 112 
296 200 268 191 250 169 240 150 231 131 251 126 243 91 234 100 233 116 268 123 260 84 248 99 247 118 286 124 281 87 268 99 263 118 306 128 300 100 286 102 277 114 
296 201 268 192 250 170 240 151 231 132 250 127 241 91 232 102 232 118 267 123 258 85 247 101 246 120 286 124 280 87 267 99 263 118 306 128 300 99 286 102 277 115 
295 201 268 192 250 171 240 152 232 132 250 127 241 91 233 102 232 118 267 123 258 85 247 101 245 120 285 124 280 87 267 100 262 119 305 128 299 100 285 102 276 115 
295 201 267 192 249 170 240 150 230 131 249 127 241 92 233 102 232 118 267 124 258 86 247 102 246 121 284 125 279 87 266 100 262 119 304 129 297 100 284 103 275 115 
294 201 266 192 249 169 239 150 229 131 250 127 242 91 233 101 232 116 266 124 258 85 247 102 245 121 284 125 278 88 265 101 261 120 303 129 297 101 283 104 274 116 
293 200 265 191 247 168 238 149 229 129 249 126 241 90 232 100 232 116 266 123 258 85 246 101 245 121 283 125 278 87 264 101 260 120 302 129 296 100 282 104 274 116 
292 199 264 189 246 167 236 147 227 128 248 125 241 89 232 98 231 114 265 122 257 84 245 100 244 119 282 124 277 87 263 100 259 119 301 128 295 100 281 103 272 115 
291 198 262 188 244 165 235 145 226 126 247 124 241 88 231 97 230 113 264 122 256 83 244 98 243 118 281 123 276 86 262 99 258 117 300 128 294 99 279 102 270 113 
290 196 261 186 243 164 233 144 224 125 246 122 239 87 229 96 228 111 262 120 255 82 243 97 241 116 280 122 275 85 261 98 256 116 299 127 293 98 278 101 270 112 
290 195 261 186 243 164 232 145 223 126 245 122 237 87 227 95 225 110 262 119 253 81 241 95 239 115 279 121 274 83 260 96 255 114 299 125 292 97 278 99 269 110 
289 195 261 186 242 164 231 146 223 126 244 121 235 87 226 95 225 110 261 118 252 80 240 94 239 114 279 119 273 82 259 94 255 113 298 124 292 96 277 96 268 107 
289 195 260 185 241 164 231 145 222 125 244 121 234 87 225 95 224 110 260 118 251 80 239 94 238 114 278 119 272 82 258 94 254 112 297 124 291 95 277 96 268 106 
288 195 260 185 241 164 230 144 221 124 244 121 234 87 224 95 224 110 260 117 251 79 238 94 237 113 278 119 271 82 258 93 253 112 297 123 290 95 276 95 267 106 
288 194 259 185 240 163 229 145 220 125 242 120 233 86 223 94 223 110 259 117 249 79 237 94 237 113 277 118 270 81 257 93 252 111 296 122 290 94 275 94 266 105 
287 194 258 184 240 163 229 144 220 124 242 120 231 86 222 94 222 109 258 116 249 78 237 93 236 113 276 118 270 81 256 92 252 110 296 122 289 94 275 94 266 104 
287 194 258 184 239 163 228 145 219 124 241 120 230 86 221 94 221 110 257 116 248 78 236 93 235 113 275 117 269 81 255 91 251 109 295 122 288 94 274 94 264 104 
285 193 257 184 239 163 228 144 219 125 241 119 230 85 221 94 220 109 257 116 247 78 235 93 234 112 274 118 268 81 254 91 249 110 294 122 287 94 273 94 263 104 
285 193 256 184 238 163 226 144 217 124 239 119 229 85 220 93 219 108 255 116 246 78 234 92 233 112 273 117 266 81 252 91 248 109 292 122 285 94 271 94 261 104 
284 193 255 183 236 162 225 143 216 124 239 119 228 85 218 93 218 108 254 116 245 78 232 92 231 112 272 117 265 80 250 91 246 109 290 122 283 94 269 94 259 103 
283 192 254 183 236 162 225 144 215 125 238 119 228 85 218 93 218 107 254 116 244 78 231 91 231 111 271 117 264 80 250 91 245 109 289 122 282 93 267 93 258 104 
283 192 254 182 235 161 224 142 214 124 238 118 228 84 218 91 217 106 253 115 243 78 230 91 229 111 270 117 263 80 248 91 243 110 289 121 281 93 266 93 257 104 
282 191 254 182 236 161 225 142 215 123 237 119 228 84 217 92 217 106 253 115 243 77 230 91 229 111 269 116 262 79 247 90 243 109 288 121 280 92 265 93 256 104 
281 191 253 182 236 161 225 141 214 121 237 119 227 85 217 92 217 106 252 115 243 77 230 90 229 110 269 116 262 79 247 89 242 108 287 121 280 93 265 92 255 102 
281 190 253 181 235 159 225 139 215 119 238 117 228 83 217 90 217 105 253 114 243 75 230 90 228 110 269 116 261 78 245 90 240 109 287 120 279 92 263 92 254 104 
280 189 252 180 235 159 225 140 216 118 238 116 228 81 218 88 218 103 252 114 242 74 229 89 228 109 268 116 260 78 245 90 240 110 286 120 277 91 262 93 253 104 
279 189 251 180 234 159 224 139 217 117 237 116 227 81 217 90 217 106 251 113 242 74 229 89 228 109 268 115 260 77 244 91 240 111 285 119 277 90 262 92 253 104 
279 189 251 180 233 158 223 137 217 115 237 116 226 80 216 91 218 108 251 112 241 72 229 90 229 110 267 113 259 75 245 91 242 111 285 117 276 88 261 92 254 106 
278 188 250 180 233 158 223 136 219 114 235 115 224 79 217 90 219 107 250 111 239 71 229 90 230 110 266 112 258 74 245 92 243 113 284 116 276 86 261 92 254 106 
279 188 250 179 232 157 223 134 218 111 233 115 222 81 216 93 220 110 249 111 237 71 228 91 231 111 265 112 256 74 244 92 244 113 284 115 275 86 260 91 254 105 
279 189 250 179 232 156 222 133 216 111 233 115 222 79 216 92 220 109 249 111 237 71 228 91 231 112 265 112 256 74 244 93 244 114 283 115 274 85 260 90 254 104 
278 189 249 179 232 155 222 132 216 110 233 114 221 78 215 93 220 110 248 111 236 70 227 92 231 112 264 112 254 73 243 94 244 115 282 114 272 83 258 91 254 107 
278 189 249 178 231 154 222 131 215 109 232 114 220 78 213 92 217 109 247 110 235 70 225 92 229 112 263 111 253 72 242 94 242 116 281 114 271 83 257 91 252 107 
277 188 248 177 231 153 221 128 215 106 231 113 219 77 212 91 216 108 246 110 233 69 224 91 228 111 263 110 252 72 241 94 242 116 280 113 270 82 256 91 252 107 
277 188 248 176 230 151 220 127 215 105 230 113 217 77 211 92 215 110 246 109 232 69 223 92 227 112 262 109 250 71 240 93 242 115 280 111 269 80 255 90 252 107 
276 187 247 176 229 151 220 127 215 105 229 111 217 75 210 91 214 108 245 108 231 68 223 92 227 111 261 109 250 70 239 93 241 115 279 111 268 80 255 90 252 108 
276 186 247 175 229 150 220 126 215 104 228 112 216 75 209 90 214 107 244 108 230 68 222 91 226 110 260 108 249 70 238 93 241 114 279 110 267 79 254 90 252 108 
276 186 246 174 228 149 219 125 214 103 229 111 217 74 211 89 215 106 244 108 229 68 221 91 226 110 260 108 247 70 237 93 240 114 279 110 266 79 253 90 251 108 
276 187 246 175 228 150 219 125 213 104 228 112 216 76 210 92 215 108 243 109 230 69 222 93 227 112 260 109 248 71 238 94 241 115 278 110 266 79 254 90 252 108 
276 187 246 176 228 151 219 126 213 104 228 112 215 77 209 92 213 109 243 108 229 69 221 94 226 113 259 108 248 70 237 94 240 116 278 110 266 79 253 91 251 109 
275 186 246 175 228 150 219 125 213 103 227 112 214 77 209 92 213 109 243 108 229 69 221 93 226 112 259 108 248 70 238 94 240 115 278 109 266 78 253 90 252 108 
275 185 245 174 227 149 218 124 212 102 228 110 215 74 208 90 213 107 243 107 229 67 221 92 226 110 259 107 248 69 237 93 240 114 277 109 266 78 253 89 251 107 
274 184 244 173 226 148 217 123 211 101 227 109 214 74 208 90 212 107 242 106 228 66 220 91 225 110 259 106 247 68 237 92 240 113 277 107 265 76 252 88 251 106 
274 181 244 171 226 145 217 121 213 99 227 107 213 72 208 89 213 106 242 103 228 64 220 88 225 107 258 103 246 65 236 90 240 111 277 105 265 74 252 86 251 104 
273 180 244 170 225 145 215 120 213 98 226 106 214 70 207 87 212 104 242 102 228 62 220 87 225 106 258 102 246 64 236 88 239 109 277 104 265 73 252 84 250 102 
274 179 245 168 225 144 215 119 213 97 226 104 213 69 207 86 212 103 242 100 228 61 220 85 225 104 258 100 246 62 236 86 240 108 277 102 264 71 251 83 250 101 
274 178 245 167 225 143 215 119 213 97 226 102 213 67 208 85 213 102 242 99 227 60 220 85 226 104 258 99 245 62 236 86 240 107 277 101 264 70 251 83 251 101 
274 177 244 166 225 141 215 118 213 98 227 101 214 64 208 82 213 100 242 98 227 58 219 84 225 103 258 99 244 60 235 86 239 107 277 101 263 69 250 82 250 101 
274 177 244 166 225 142 216 118 213 97 226 101 213 66 208 82 213 100 242 98 226 58 219 84 225 103 258 98 244 61 235 85 239 106 277 100 263 70 251 82 251 100 
275 179 245 169 226 143 217 119 212 97 226 104 213 69 207 84 211 101 241 100 226 60 218 84 223 103 258 100 244 62 234 85 237 106 276 101 263 70 250 82 249 100 
275 181 244 170 226 144 217 120 213 98 226 106 212 71 206 86 209 102 241 102 226 63 218 86 222 105 257 102 244 63 234 87 237 108 276 103 262 72 250 83 249 102 
275 182 245 172 224 146 215 120 215 97 225 108 212 73 204 87 208 103 240 103 225 64 217 86 221 105 257 103 244 65 234 89 237 110 275 104 262 74 249 87 249 105 
274 185 244 175 224 149 216 123 215 100 224 111 211 76 203 89 206 105 240 106 224 66 216 89 220 107 256 105 243 67 233 91 236 112 274 106 260 76 248 88 248 106 
274 186 243 175 223 149 214 123 213 100 223 112 211 77 203 91 207 106 239 107 225 68 217 90 222 109 255 106 243 68 234 91 237 112 274 107 261 77 249 89 248 107 
274 185 243 175 223 150 214 123 214 100 224 112 211 76 203 90 207 106 239 107 225 67 217 90 222 109 256 106 243 68 233 92 237 113 274 107 261 77 249 90 248 108 
274 185 244 174 223 149 213 123 215 100 224 111 211 75 203 90 207 106 239 106 225 67 217 90 222 109 256 105 243 68 233 92 237 113 274 106 261 76 248 89 248 108 
274 184 244 173 223 148 213 122 214 99 224 110 211 75 203 88 207 104 240 105 225 66 217 89 222 108 256 104 243 67 233 91 237 112 274 105 261 76 248 88 247 106 
274 181 244 171 223 147 213 121 214 97 223 109 210 73 203 87 206 103 239 104 224 64 216 87 222 106 255 103 242 65 233 89 237 110 274 104 260 73 248 86 248 104 
273 179 243 169 223 145 213 119 212 96 223 106 209 72 202 88 206 105 238 102 224 62 216 86 221 105 255 101 242 63 232 88 236 109 273 102 260 72 247 84 246 103 
273 178 243 169 222 144 211 118 210 95 222 106 208 71 201 86 205 103 237 101 222 61 214 83 219 102 253 99 240 61 230 85 235 106 272 100 258 70 246 82 245 101 
272 176 242 168 222 143 211 118 208 95 220 105 206 71 199 85 205 102 235 99 220 59 212 81 218 100 252 98 238 59 229 83 233 104 270 98 256 68 244 80 244 99 
272 177 241 168 220 141 210 116 207 95 219 105 204 70 198 86 203 102 234 99 219 59 211 81 216 100 250 98 237 58 226 81 230 103 268 98 254 67 242 79 241 97 
271 176 241 168 219 142 208 116 206 95 219 104 203 69 197 86 202 103 233 99 217 58 208 81 214 100 249 97 234 58 224 82 229 104 266 97 251 66 239 79 239 99 
269 177 238 168 216 142 205 117 205 96 218 104 202 69 195 87 201 104 232 99 216 58 207 82 213 101 247 97 232 57 222 81 227 104 264 98 249 66 236 79 236 98 
268 178 237 169 214 143 203 118 204 97 217 104 202 68 194 87 199 104 231 99 215 58 205 82 211 102 245 98 231 58 220 81 224 104 262 99 247 67 233 79 233 99 
266 179 235 171 213 145 201 119 201 98 216 105 201 68 193 87 198 104 229 100 214 58 203 82 209 102 244 99 230 57 218 81 222 104 259 100 245 68 231 80 230 99 
265 181 234 172 212 146 199 120 199 99 215 106 200 69 192 87 197 104 228 101 213 58 202 81 208 102 242 99 229 57 217 81 221 104 258 101 244 68 230 80 228 99 
263 182 232 172 210 145 198 119 197 98 213 106 199 69 190 87 195 105 226 101 211 58 200 82 206 102 241 100 227 58 214 81 219 104 256 101 242 69 228 80 227 99 
263 183 230 171 209 144 197 119 194 98 211 106 197 70 188 87 192 104 224 101 209 59 198 81 203 102 238 100 225 59 212 80 216 103 254 101 240 70 226 80 224 99 
262 183 228 172 207 144 195 119 191 98 209 106 194 71 185 86 189 103 221 101 206 60 195 82 201 103 236 100 222 60 209 81 213 104 251 101 237 71 223 81 221 99 
260 183 226 172 205 145 193 120 186 98 206 107 191 73 183 88 188 104 219 102 204 61 194 83 199 103 233 100 219 61 208 82 211 105 249 101 234 71 221 81 219 99 
258 183 224 171 203 146 190 121 184 99 204 107 188 74 180 88 185 105 217 102 201 62 191 84 196 104 231 100 217 62 204 82 208 105 247 101 232 72 218 80 216 98 
257 182 223 171 201 146 187 122 182 99 201 108 185 76 178 89 182 104 214 103 197 64 188 85 194 105 229 101 214 63 202 83 206 105 245 102 230 73 217 81 214 97 
255 181 222 171 200 145 186 121 178 98 200 108 183 77 175 90 179 104 213 103 195 64 186 85 192 106 227 101 212 64 200 84 204 106 244 101 228 74 214 82 212 98 
253 181 220 170 198 145 184 121 175 99 198 108 182 76 174 89 177 104 211 103 194 64 184 85 190 105 226 101 211 65 199 84 202 106 243 102 228 74 213 82 210 98 
248 179 214 169 193 144 179 121 169 99 195 106 179 76 170 88 174 103 208 101 190 64 181 84 186 105 222 99 207 64 195 83 197 105 239 100 224 73 209 80 205 96 
245 180 212 168 191 141 176 117 171 95 196 105 181 74 170 86 172 101 208 101 192 63 180 83 185 103 222 100 207 63 193 82 195 104 238 101 222 74 206 81 202 97 
242 179 210 168 188 143 173 119 165 96 193 106 177 76 165 86 166 100 205 101 188 64 177 84 181 104 219 99 204 64 190 83 192 105 235 101 219 74 203 81 198 97 
239 179 208 168 186 143 171 119 165 96 191 106 176 75 166 86 168 100 203 101 187 64 176 83 180 103 217 99 203 64 189 83 190 105 233 100 218 74 202 81 197 97 
238 177 207 168 184 143 170 119 163 96 189 105 174 74 164 85 165 99 201 100 185 63 173 82 177 102 215 99 200 64 187 82 188 104 231 99 216 73 200 80 195 97 
237 177 205 167 183 143 168 118 161 95 189 105 175 74 163 84 164 98 201 100 185 63 173 80 176 100 215 99 201 64 186 81 186 103 230 100 216 73 200 80 194 96 
236 176 204 167 182 143 167 118 160 95 187 105 174 75 163 84 163 98 200 100 184 63 172 80 175 100 213 99 199 63 185 81 185 103 229 99 214 73 198 79 192 95 
235 176 203 166 181 142 167 118 159 95 188 105 175 74 162 83 162 97 200 100 185 62 172 79 174 99 214 98 201 63 185 80 185 102 229 100 215 73 199 78 193 93 
235 175 203 167 181 142 166 118 159 95 188 105 175 72 163 82 163 97 200 100 184 62 171 79 174 99 214 98 199 63 184 80 184 102 229 99 214 72 197 78 191 94 
234 174 203 165 181 140 166 116 159 95 189 102 176 69 164 81 164 96 201 98 185 61 172 79 175 98 215 98 200 63 185 80 185 102 230 99 215 72 199 78 192 94 
235 174 204 165 181 141 165 117 160 95 189 104 175 71 163 82 163 96 201 99 185 62 172 79 175 99 214 98 200 62 185 80 185 102 230 99 215 72 199 78 193 94 
236 175 205 166 182 141 167 117 160 95 189 104 175 71 163 82 165 97 201 99 185 62 172 80 176 99 215 98 201 63 186 80 186 102 230 99 216 72 200 78 194 93 
237 175 207 167 184 142 168 119 162 97 190 104 176 72 164 83 164 98 202 100 186 62 173 82 177 101 216 99 202 63 187 82 188 103 232 100 217 73 201 80 196 96 
238 176 208 168 185 144 171 119 165 97 190 105 176 73 164 84 166 99 203 101 186 64 174 82 178 102 217 100 203 64 188 83 189 104 233 101 219 73 203 80 197 96 
240 177 209 168 187 144 173 121 167 98 191 107 176 74 165 86 167 101 203 102 186 65 175 84 179 104 218 101 203 65 189 84 191 105 234 101 220 74 205 81 200 97 
241 177 211 169 188 145 174 122 168 100 191 108 175 75 166 88 170 104 204 103 187 66 176 86 181 106 219 102 204 67 191 85 192 107 236 102 222 75 207 81 202 96 
243 178 213 170 191 147 177 123 168 102 192 109 175 77 167 90 172 105 205 104 187 67 177 88 182 107 220 102 205 67 192 87 194 109 237 102 224 75 209 81 204 97 
246 180 217 172 194 148 179 125 171 105 193 110 176 79 168 94 172 109 207 105 188 70 179 91 184 111 222 103 207 70 196 90 198 111 240 104 227 77 212 84 207 99 
246 180 216 173 195 150 181 128 172 108 193 111 175 81 169 95 175 112 206 106 188 70 180 92 185 113 222 104 207 70 196 90 198 112 241 104 227 77 213 85 209 101 
247 182 217 174 195 151 182 129 173 108 194 113 177 82 170 96 176 112 207 107 190 71 181 93 186 113 224 105 209 71 198 91 199 112 242 105 229 79 215 86 209 101 
248 181 218 174 196 152 183 129 174 109 193 113 176 83 171 98 177 114 207 107 189 72 182 94 188 114 224 105 209 71 198 92 201 113 242 104 229 78 215 86 211 102 
249 183 219 175 197 151 184 129 178 109 195 113 179 82 173 97 179 113 209 108 191 72 183 94 189 113 225 106 210 72 200 92 203 114 244 106 230 79 217 87 212 103 
250 183 220 175 199 152 186 129 178 110 196 114 179 82 174 97 180 113 210 109 192 72 185 94 191 114 226 107 211 72 202 93 205 114 245 106 232 79 219 88 215 104 
252 184 222 176 201 153 188 130 180 110 197 115 181 83 176 97 181 112 211 109 194 73 187 94 192 114 228 107 213 72 204 93 207 114 247 107 234 80 220 88 216 104 
254 184 224 177 204 153 192 130 185 111 198 116 181 84 177 97 184 113 213 110 195 74 189 95 195 114 230 108 214 73 206 93 210 115 248 107 235 80 222 89 219 105 
257 184 227 177 206 154 195 131 188 112 200 117 183 85 179 99 186 114 214 110 196 75 192 96 198 115 231 108 216 73 209 94 213 115 250 107 237 79 225 89 223 106 
260 184 232 179 210 156 199 133 193 114 201 119 184 87 183 102 191 117 216 112 198 76 195 98 202 116 233 108 217 73 212 96 217 116 252 106 238 78 228 91 228 109 
262 186 233 181 212 158 202 135 196 114 204 120 187 89 185 103 192 118 219 113 201 77 197 99 204 117 236 109 220 74 214 97 219 117 255 108 240 80 230 93 230 110 
265 187 236 182 214 161 203 138 199 117 206 121 189 90 187 104 194 119 221 114 203 78 199 101 206 119 238 110 222 75 217 98 222 119 257 109 242 81 233 94 233 111 
266 189 236 183 215 162 204 139 201 118 208 122 191 89 188 104 195 120 223 115 205 78 201 101 208 119 240 112 224 76 218 100 224 121 259 110 244 82 234 95 234 113 
266 190 237 183 215 162 204 139 201 118 208 122 191 90 189 104 196 120 223 115 205 78 201 101 208 119 240 112 225 77 219 100 224 122 260 111 245 83 235 95 235 113 
267 190 237 184 216 163 204 140 199 120 209 123 192 90 189 104 196 119 224 116 206 79 202 101 208 120 241 113 225 77 219 101 224 122 260 112 246 83 235 96 234 114 
266 191 237 184 216 163 204 140 199 119 210 123 192 90 189 104 195 120 225 116 206 79 202 101 208 120 241 114 226 78 219 101 223 123 260 112 246 84 235 96 233 113 
265 191 236 184 215 162 203 140 197 119 210 121 193 88 189 103 196 119 225 115 207 78 202 101 209 120 242 113 227 78 219 102 224 123 261 113 247 84 235 96 233 114 
264 192 235 184 214 162 202 139 195 118 211 121 195 86 189 101 195 117 226 115 209 77 202 100 208 119 243 113 228 77 220 101 223 122 261 113 248 84 236 96 233 114 
262 191 232 182 211 158 200 135 198 115 214 116 200 80 192 95 196 112 229 112 214 74 205 97 209 116 245 113 232 76 221 98 223 120 262 115 251 85 237 95 232 112 
259 190 229 180 210 155 200 131 195 110 214 114 202 78 193 92 196 110 229 110 216 71 206 93 208 113 245 111 235 73 223 95 223 118 263 114 253 84 239 94 233 111 
257 188 228 179 210 154 199 130 195 110 214 112 204 74 195 89 197 107 229 109 218 68 206 90 208 110 245 111 235 72 222 94 222 116 262 114 253 84 238 92 232 109 
256 187 227 177 209 151 199 127 194 107 215 110 205 73 196 87 197 104 230 108 219 68 207 88 208 108 245 110 236 72 222 92 221 114 263 113 253 83 238 90 231 106 
255 185 226 176 208 150 198 126 193 105 215 108 205 70 195 85 198 103 229 106 218 65 206 86 208 106 245 108 235 69 221 91 220 113 262 112 253 82 237 90 231 106 
254 185 226 175 208 148 197 124 192 104 214 108 204 70 194 84 196 101 228 106 218 65 205 86 207 105 244 107 234 69 220 89 219 111 261 111 251 81 236 87 229 103 
254 184 225 174 207 148 197 123 192 103 214 107 204 69 194 83 195 100 229 105 217 64 204 85 206 104 244 106 234 68 219 89 218 111 260 110 250 79 234 87 228 104 
253 183 224 173 206 146 196 122 191 101 214 106 204 68 194 81 195 98 228 104 218 63 204 84 205 103 243 106 234 67 218 88 217 109 259 109 249 79 233 86 227 103 
251 181 223 172 205 145 194 121 189 101 214 104 204 66 193 80 194 98 228 102 218 60 204 81 204 100 242 103 233 65 217 85 216 108 258 108 248 77 232 85 226 102 
250 181 222 170 203 142 193 117 190 97 213 103 204 65 192 80 193 97 226 101 217 60 203 81 204 100 241 103 232 64 216 84 215 106 257 107 248 77 231 83 225 99 
248 179 219 168 202 140 193 116 188 95 212 101 204 63 192 76 192 93 226 99 217 58 202 77 202 96 240 101 232 63 215 81 213 103 255 106 247 76 230 82 223 99 
245 177 217 166 200 138 191 114 187 93 211 98 204 61 192 73 191 90 225 97 217 57 201 75 200 95 239 100 232 61 214 79 210 101 254 105 246 75 229 81 221 97 
244 175 216 164 199 136 189 111 185 90 210 97 203 60 191 72 190 88 224 96 216 55 200 73 199 93 237 98 231 59 213 77 209 98 252 103 244 72 227 78 219 95 
243 174 215 162 198 135 188 110 184 89 209 96 201 59 189 71 188 87 222 95 214 54 198 73 198 92 236 97 229 58 211 76 208 97 250 102 243 72 226 77 218 92 
242 172 213 161 195 133 186 108 184 87 207 95 200 58 187 69 186 86 221 93 213 53 198 71 197 90 235 95 229 57 211 73 207 95 250 100 242 70 225 75 217 90 
242 171 214 160 195 132 185 107 183 86 207 95 199 57 187 70 186 86 220 93 212 53 197 71 197 91 234 95 227 57 210 73 206 95 249 100 241 69 224 74 216 89 
242 171 213 160 195 132 184 107 182 86 206 94 198 57 185 69 185 85 219 93 211 53 196 71 196 90 233 95 226 57 209 73 206 95 248 99 240 69 224 73 216 89 
241 170 213 159 195 132 184 106 181 86 205 94 197 57 185 68 184 84 218 93 210 53 195 70 195 90 233 94 225 57 209 72 205 93 248 98 240 69 224 73 216 87 
241 169 212 158 194 131 184 106 181 84 205 93 197 57 185 67 184 83 218 91 210 52 195 69 195 88 232 93 225 56 208 71 205 92 247 97 239 69 223 72 215 87 
241 168 212 157 194 130 184 105 181 83 205 92 196 56 185 67 184 82 218 91 210 51 195 68 195 88 232 92 225 55 208 71 205 92 247 96 239 66 222 71 215 86 
240 167 212 156 194 128 184 104 180 82 204 91 196 56 185 66 184 81 217 90 209 51 195 67 195 86 231 91 225 54 208 69 205 90 247 95 239 67 223 70 215 84 
240 166 212 156 194 128 183 103 180 82 204 92 196 56 184 66 183 82 217 90 209 51 194 67 194 86 231 91 224 54 208 69 204 89 246 95 239 66 222 69 214 83 
240 166 211 156 193 128 182 103 180 81 204 91 196 55 184 66 183 81 217 89 209 50 194 66 194 86 231 91 224 53 207 68 204 89 246 95 238 66 222 69 213 83 
239 165 211 155 192 127 182 102 179 81 204 90 195 55 184 65 183 81 217 88 209 50 194 66 194 86 231 90 225 53 208 68 204 88 247 94 239 66 222 68 213 82 
239 165 211 155 193 127 182 102 178 81 203 90 195 55 184 65 183 81 217 88 209 50 194 66 194 85 231 90 225 53 208 67 204 88 247 94 239 66 223 68 215 80 
239 166 212 155 193 127 183 103 178 81 203 91 195 56 184 66 183 81 217 89 208 51 194 67 194 86 231 91 224 54 208 69 204 89 246 95 239 67 223 68 214 80 
240 165 212 155 193 128 182 103 179 81 203 91 195 56 183 66 183 82 217 89 208 50 194 67 194 86 231 91 224 53 207 68 204 89 246 94 238 65 222 69 214 82 
239 165 211 154 192 127 181 103 179 81 203 91 194 55 183 66 182 82 217 89 208 51 194 66 194 86 231 90 224 53 208 68 204 88 247 94 239 66 223 68 214 81 
239 165 211 155 192 128 180 103 179 82 203 91 195 55 183 66 182 82 216 89 208 50 193 67 194 86 231 90 224 53 207 68 204 89 246 94 238 65 222 68 214 82 
239 165 211 155 192 128 180 103 178 82 204 91 195 55 182 66 182 82 217 89 207 50 193 67 193 86 231 90 223 53 206 68 203 89 246 94 238 64 222 68 213 82 
238 165 211 154 191 127 180 103 178 81 203 90 194 55 182 66 182 81 216 88 207 50 193 67 193 86 230 90 223 53 207 68 203 89 246 94 238 65 222 68 213 82 
239 165 211 154 191 128 179 103 177 82 203 91 194 55 182 66 181 81 216 89 206 50 192 66 192 86 230 90 223 53 206 68 202 89 245 94 237 65 221 68 212 81 
238 165 210 155 191 128 179 104 176 83 202 90 193 55 181 66 181 81 216 89 206 51 192 67 191 86 230 90 222 54 206 68 202 89 245 94 238 65 222 67 213 80 
238 165 210 155 190 128 178 103 177 82 202 91 193 55 181 66 180 82 215 89 206 51 191 67 191 86 229 90 222 54 205 67 201 88 245 94 237 66 221 67 211 80 
238 165 210 155 189 129 177 104 175 83 202 91 192 56 180 67 180 82 215 89 206 51 191 67 191 86 229 90 222 53 205 67 201 88 244 94 238 65 222 66 212 79 
238 166 210 155 190 129 178 105 175 83 202 91 192 57 180 66 179 81 215 89 205 51 190 66 190 85 229 90 222 53 204 66 200 87 244 94 237 65 221 66 211 78 
238 165 209 155 190 129 177 106 174 84 202 91 192 57 180 65 179 80 214 89 205 51 189 65 189 85 228 90 221 53 203 67 199 88 243 94 236 65 220 66 210 78 
238 165 209 155 189 129 177 106 172 84 201 91 191 57 178 65 177 79 214 88 204 50 188 65 187 85 228 90 221 53 202 66 197 86 243 94 236 66 219 66 208 78 
238 166 209 156 190 130 177 107 172 86 202 91 192 57 179 65 177 79 214 89 205 51 188 65 187 85 228 90 221 53 202 66 196 86 243 95 235 66 218 66 207 78 
237 166 208 155 189 129 176 106 173 85 201 90 191 57 178 65 177 79 214 88 204 50 188 65 187 85 228 90 220 53 202 66 197 87 243 94 236 66 219 66 208 77 
238 166 208 156 189 129 177 107 173 85 200 91 191 58 178 65 176 79 213 89 204 51 188 65 186 85 227 91 220 54 202 66 196 86 243 95 235 66 218 66 207 78 
237 166 208 155 189 130 177 107 173 84 201 90 191 57 178 65 176 79 214 88 204 50 188 65 187 85 228 90 220 53 202 66 196 86 243 95 235 66 218 66 207 78 
238 165 208 155 189 129 177 106 173 84 200 90 190 57 177 65 177 79 213 88 203 50 188 65 187 85 227 90 220 53 202 66 196 87 242 94 235 66 218 66 208 78 
238 166 209 155 189 129 177 106 174 83 200 91 190 58 178 66 177 80 212 88 203 50 188 65 187 85 226 89 219 53 201 66 196 87 242 93 234 65 217 66 207 77 
238 165 208 154 188 129 177 105 173 83 200 89 189 57 177 65 176 79 212 87 202 50 187 64 187 85 227 89 219 52 201 65 196 86 242 93 235 65 218 65 208 77 
238 165 208 154 188 128 177 105 173 82 199 89 189 56 177 64 176 78 212 87 202 49 187 64 186 84 226 89 219 52 201 65 196 85 242 93 234 65 218 65 207 76 
237 163 207 153 188 127 176 104 170 81 198 89 188 56 176 64 175 79 211 86 201 49 186 64 185 84 225 87 217 52 200 65 195 85 241 91 234 64 217 65 207 76 
237 163 206 153 187 127 175 103 171 80 198 88 188 56 176 63 175 77 210 85 200 48 185 63 184 83 225 86 216 51 199 64 194 84 240 90 232 63 216 64 205 75 
236 162 206 151 186 126 174 103 170 80 197 87 187 55 175 62 174 76 209 84 199 48 185 62 183 82 223 86 215 51 198 63 192 83 239 89 231 63 215 63 204 75 
236 161 205 151 185 126 173 104 168 81 196 87 185 57 173 63 172 76 208 84 198 48 183 62 181 81 222 85 214 50 196 62 190 82 238 88 229 62 212 62 201 74 
235 161 204 151 184 127 171 103 168 80 194 88 184 56 171 63 171 77 207 85 196 48 181 62 180 82 221 85 212 50 194 62 189 83 237 88 227 61 211 62 200 74 
233 161 203 151 183 127 171 104 166 81 193 88 182 57 170 64 169 77 206 85 194 48 180 63 179 83 220 86 211 50 194 63 189 83 236 89 226 62 210 62 200 74 
233 161 203 152 182 128 169 104 165 82 191 90 180 58 168 65 168 78 204 86 192 49 179 63 179 83 218 86 209 51 193 63 188 84 234 88 224 62 208 62 199 74 
232 161 202 152 182 128 169 105 164 82 189 90 177 60 166 67 167 81 202 86 190 50 177 64 177 84 216 86 206 51 190 63 186 84 233 88 222 62 205 62 196 75 
233 162 202 154 181 129 168 106 163 83 189 92 177 60 166 68 166 82 202 88 189 51 176 66 177 85 216 87 206 52 190 65 186 85 232 89 222 62 206 63 196 76 
231 163 202 154 180 130 167 106 163 83 188 92 176 60 165 68 166 82 201 88 189 51 176 66 177 85 215 88 206 52 190 65 186 85 231 90 221 63 205 64 196 76 
232 164 202 155 181 130 168 107 163 84 188 94 176 61 165 70 166 84 201 90 188 53 175 67 176 86 215 89 204 53 188 66 185 87 231 90 220 64 203 65 195 77 
232 164 202 155 181 131 168 108 163 84 188 94 175 62 164 71 166 85 201 90 188 53 174 68 176 87 215 90 204 54 188 67 185 88 231 91 220 64 203 66 195 78 
232 165 202 157 180 132 167 108 163 85 189 95 175 63 164 72 165 87 201 91 187 54 174 69 176 88 215 90 203 54 187 68 185 89 230 91 218 64 202 66 194 79 
232 167 202 158 180 134 166 109 163 86 188 97 175 64 164 73 165 87 201 93 187 55 174 70 176 89 215 91 203 56 188 69 185 90 230 92 218 65 202 67 194 80 
233 168 203 159 181 135 167 111 163 88 189 98 175 66 164 75 165 88 201 94 187 56 174 71 175 90 215 93 203 57 187 71 185 91 230 94 218 67 202 69 194 82 
233 170 202 161 181 136 167 113 161 89 188 100 175 68 164 76 165 90 201 95 187 58 173 73 175 92 214 94 203 59 187 72 184 93 230 95 218 69 201 70 193 84 
233 171 203 162 181 138 167 115 160 92 189 101 175 69 164 77 165 91 201 96 186 59 173 74 175 93 215 95 202 60 187 74 184 95 230 97 218 70 202 72 193 85 
233 173 203 164 180 139 166 115 160 92 188 103 174 71 163 79 164 93 200 98 186 61 173 75 174 95 214 96 202 61 187 74 184 95 230 98 218 71 201 72 193 85 
233 174 202 164 180 140 166 117 159 94 189 103 174 72 163 80 164 95 200 99 185 62 173 77 175 96 214 98 202 63 186 77 184 98 230 99 217 73 201 75 193 87 
233 174 202 164 181 141 167 118 158 95 189 104 175 73 163 81 163 94 201 99 186 62 173 77 174 96 214 98 202 63 187 77 184 97 230 100 217 74 201 76 192 88 
232 174 202 165 180 141 166 118 160 95 189 104 174 73 163 81 163 95 201 100 186 63 173 77 174 97 214 99 202 64 186 77 183 98 230 101 217 74 201 76 192 89 
233 174 202 165 180 141 166 119 158 96 189 104 175 73 162 81 163 94 201 100 186 63 172 78 173 97 214 99 201 64 185 78 182 99 229 101 216 74 199 77 190 90 
232 174 202 166 180 142 165 118 159 96 190 104 175 72 163 81 163 95 201 100 187 63 172 77 173 97 215 99 202 64 185 78 182 99 230 101 217 74 200 77 191 90 
232 174 202 165 180 141 166 118 159 96 190 103 176 72 163 79 163 93 202 100 188 63 173 77 174 96 216 99 203 64 187 78 183 99 231 101 218 75 201 77 192 90 
232 174 202 165 180 141 166 118 160 95 190 103 177 72 164 79 164 93 202 99 189 63 174 77 174 96 216 99 204 64 187 77 183 98 231 101 218 75 201 77 192 91 
232 174 203 165 181 141 166 118 160 96 191 104 177 72 165 79 164 93 203 100 189 63 175 77 175 97 217 100 205 65 188 78 184 99 232 102 219 75 202 78 193 91 
233 174 203 165 181 141 167 118 162 95 191 103 177 72 165 80 166 94 203 100 189 63 175 78 176 97 217 99 205 65 188 78 185 99 232 101 219 75 203 78 193 91 
233 174 203 166 182 141 167 118 161 96 191 105 178 73 165 81 166 95 203 101 190 64 176 78 176 97 217 100 205 65 189 79 185 99 232 102 220 76 203 78 193 91 
233 175 204 166 181 142 167 119 162 97 192 104 178 72 166 81 166 95 204 101 190 64 176 78 176 98 217 100 205 65 189 79 185 100 232 102 220 75 203 78 194 92 
234 175 204 167 182 142 168 119 161 97 191 105 178 73 166 81 165 95 204 101 190 65 175 79 175 98 218 101 205 66 189 80 185 100 233 103 220 76 203 79 194 92 
234 175 203 166 182 142 168 119 161 97 191 104 176 73 165 82 166 96 203 101 190 64 176 79 177 99 218 101 206 66 190 80 186 100 233 103 221 77 204 79 194 92 
234 175 204 167 182 143 168 120 162 97 191 105 177 74 165 82 165 95 204 101 190 65 176 79 176 98 218 101 205 66 189 80 186 100 233 103 220 77 203 79 194 92 
233 175 204 166 181 142 167 119 162 97 192 105 178 72 165 81 166 95 204 101 190 64 176 79 177 98 218 101 205 66 189 80 186 101 233 102 220 76 203 79 194 93 
233 175 204 166 183 142 168 119 162 97 192 104 178 72 166 80 166 94 204 101 190 64 176 79 176 98 218 101 206 66 189 80 185 101 233 103 221 76 204 79 195 93 
233 175 204 166 182 142 168 119 162 97 191 105 178 73 166 81 166 95 204 101 190 64 176 79 177 98 218 101 206 66 189 79 186 100 233 103 220 76 204 78 194 91 
233 174 204 166 182 142 167 119 162 97 192 104 178 72 165 81 166 96 204 101 190 64 176 79 176 98 218 100 206 66 189 80 186 101 233 102 220 76 203 79 194 92 
233 174 204 166 182 142 168 119 162 97 192 104 178 72 166 80 166 94 204 100 190 64 176 78 176 98 218 100 206 65 189 79 186 100 233 102 220 76 203 79 194 92 
234 175 204 166 182 141 168 118 162 96 191 104 178 73 166 81 166 95 204 101 190 64 176 79 176 98 218 100 206 65 189 79 186 100 233 102 220 76 203 78 194 91 
234 174 204 166 182 142 167 119 162 97 191 103 177 72 165 80 165 94 204 100 190 63 176 78 176 98 218 100 206 65 190 79 186 100 233 102 221 75 204 78 195 91 
233 174 204 166 182 141 167 119 162 96 191 104 179 72 166 79 165 93 204 101 191 63 176 78 176 98 218 100 207 65 190 79 185 100 234 103 221 76 204 78 195 91 
233 175 204 166 182 142 168 120 161 97 191 104 178 73 166 81 165 94 204 101 190 64 176 79 176 98 218 100 206 65 189 79 186 100 233 102 221 75 205 78 195 91 
233 175 204 167 182 142 168 120 161 98 191 105 178 73 165 81 165 95 204 101 190 64 176 79 176 98 218 101 206 66 190 79 185 100 233 103 221 76 205 78 195 91 
233 176 203 167 182 143 167 121 160 99 191 105 178 73 165 81 165 95 204 102 190 65 175 80 175 100 218 102 207 67 190 80 185 101 234 104 222 78 205 80 195 92 
233 177 204 168 182 145 168 123 160 100 191 106 178 74 165 81 164 95 204 103 190 66 175 81 175 100 218 103 207 68 189 82 185 102 234 105 222 79 205 81 195 93 
234 178 205 170 183 146 168 125 160 103 191 108 178 75 165 82 165 96 204 104 190 67 176 81 175 101 218 104 207 69 190 82 185 103 234 107 223 80 206 82 195 94 
234 179 205 170 184 147 169 125 161 103 191 108 178 76 165 83 164 96 204 105 190 68 176 83 175 102 218 105 207 70 190 84 186 104 234 108 223 81 205 83 195 96 
235 179 206 171 184 148 170 127 160 105 191 109 178 77 165 84 164 97 204 105 190 69 176 83 176 103 219 105 207 71 191 84 186 105 234 108 223 81 207 84 197 96 
234 179 205 171 183 148 169 127 161 105 191 109 178 78 165 84 163 97 204 105 190 69 176 84 176 103 219 106 207 71 191 85 187 105 235 108 224 82 207 84 197 96 
234 179 205 171 184 148 169 128 161 106 191 109 178 77 165 84 164 96 204 106 191 69 176 84 176 103 219 106 207 71 191 85 186 105 234 108 223 82 207 85 196 97 
235 179 205 171 184 148 170 127 160 105 192 109 178 78 165 84 164 97 205 106 191 69 177 84 176 103 219 106 208 71 191 85 186 105 235 109 224 82 207 84 197 97 
235 179 205 172 184 149 170 128 159 106 191 109 178 78 165 84 164 97 204 106 190 69 177 84 176 103 219 106 207 71 191 86 186 106 235 108 223 82 207 85 197 97 
235 180 206 172 184 149 170 128 161 107 192 110 179 78 166 85 165 98 205 106 191 70 177 85 176 104 219 106 208 72 192 86 187 106 235 109 225 82 208 85 198 98 
236 181 207 173 186 150 171 129 161 108 193 111 180 80 167 86 166 99 206 107 192 71 177 85 176 104 220 106 208 72 192 86 188 107 236 108 225 82 208 85 199 98 
236 181 208 172 186 150 171 129 164 109 194 110 181 79 168 86 167 99 207 107 193 71 179 86 178 105 221 107 210 72 194 86 190 107 237 109 227 82 211 85 201 98 
238 182 209 173 187 150 172 129 165 108 195 111 182 80 169 87 168 100 208 107 195 72 180 86 179 105 223 107 212 73 195 86 191 107 239 109 229 83 212 85 202 97 
238 181 210 173 188 151 173 130 165 108 195 111 182 80 170 86 169 99 208 107 195 71 181 85 180 105 224 107 213 73 197 86 193 107 240 109 231 83 214 85 205 97 
239 183 211 174 190 151 175 130 166 109 197 112 184 81 172 87 170 100 210 108 197 72 182 86 181 105 224 108 214 74 198 87 193 108 241 110 232 84 216 86 206 98 
241 182 212 174 190 152 176 131 166 110 196 112 183 82 171 88 170 101 210 108 196 72 182 86 182 106 225 107 214 74 199 87 195 107 242 110 233 84 217 86 207 98 
242 183 214 175 192 152 177 131 169 110 198 113 185 81 173 88 172 102 211 109 197 73 183 87 182 106 226 108 215 74 199 89 195 109 242 110 233 83 217 86 208 99 
242 182 213 174 192 152 178 131 169 110 197 112 184 81 173 88 173 102 210 108 197 72 184 87 184 106 226 107 215 74 200 88 197 108 243 110 234 84 218 86 209 98 
242 182 214 174 193 152 179 131 171 110 198 112 185 81 174 89 174 102 212 108 198 72 185 87 185 106 227 108 216 74 201 88 197 109 244 110 234 83 219 86 209 98 
243 181 215 174 194 151 179 131 171 110 199 112 185 80 174 89 175 103 212 108 198 72 185 87 186 107 227 107 216 73 201 88 198 109 244 109 235 82 219 86 211 99 
244 181 216 174 195 151 180 130 171 109 200 111 186 80 175 88 175 101 213 107 199 72 186 87 186 106 228 107 217 73 202 88 198 108 245 109 235 82 220 85 211 97 
244 181 216 174 195 151 180 130 170 109 199 111 185 79 175 88 176 102 213 107 198 71 185 86 186 105 228 107 216 73 202 88 199 109 245 108 235 82 220 85 211 98 
244 180 215 173 194 151 179 130 170 109 199 110 184 79 174 87 174 101 212 106 197 71 185 86 185 106 227 106 215 73 201 88 198 108 244 108 235 82 219 85 210 97 
244 180 215 173 193 151 178 131 168 110 199 110 185 79 174 87 174 101 212 107 197 71 184 86 184 106 227 106 215 72 200 87 196 108 244 108 234 82 218 84 209 97 
244 179 216 174 192 153 175 133 168 112 199 111 184 79 172 88 172 103 212 107 196 71 183 87 183 107 227 106 215 72 200 88 196 108 245 108 235 81 219 84 210 97 
246 181 218 175 193 154 176 133 166 112 198 113 183 83 172 89 171 102 211 107 195 72 182 87 182 107 227 106 214 72 200 87 197 108 244 107 234 81 218 84 209 97 
246 182 217 175 193 154 176 134 167 112 199 113 185 82 174 90 174 104 212 108 197 73 184 88 184 107 227 107 215 73 200 88 197 108 244 108 234 82 218 85 209 97 
245 182 216 176 192 155 175 135 166 114 199 113 185 82 173 90 172 103 212 108 197 73 183 88 183 108 228 107 216 73 200 88 196 109 245 108 234 82 218 85 209 98 
245 183 216 176 191 155 174 135 166 114 198 114 184 83 172 90 170 103 212 110 197 74 183 89 182 108 227 109 216 75 200 89 195 109 244 111 234 84 219 86 209 98 
243 184 214 177 189 156 173 136 166 115 198 115 184 83 171 90 169 104 211 111 197 76 182 90 180 109 226 110 214 77 197 90 192 110 243 112 232 86 216 88 206 100 
241 184 212 177 189 156 173 137 163 117 196 115 183 84 170 90 168 104 210 112 196 76 181 90 179 110 225 111 214 77 197 90 192 111 242 113 232 86 216 88 206 101 
240 185 211 178 188 156 172 138 159 117 195 116 182 85 169 91 166 106 209 112 194 78 179 92 177 111 224 112 212 78 196 91 191 112 241 114 231 87 215 89 205 102 
239 187 209 180 186 158 171 139 158 118 195 117 181 87 166 92 162 105 208 113 192 79 177 92 173 111 224 113 211 80 194 94 188 114 241 116 230 89 213 92 203 105 
239 187 210 180 188 159 173 141 159 121 195 117 181 86 167 92 164 106 209 113 194 79 178 92 175 111 225 114 213 80 195 92 189 112 242 117 232 90 215 92 203 104 
240 188 211 181 189 160 174 142 161 121 196 117 182 87 167 92 163 107 210 114 195 79 178 92 174 112 226 114 214 80 195 92 189 112 243 118 233 90 216 92 204 105 
241 189 212 181 190 160 175 142 162 122 197 117 183 86 169 91 165 105 211 114 197 78 180 91 176 110 227 115 216 80 198 91 191 111 245 118 235 91 218 92 206 104 
242 190 213 182 190 161 176 142 169 122 198 118 185 86 170 91 167 105 212 114 199 79 182 90 178 110 228 115 217 81 199 91 192 111 246 119 237 91 220 92 208 103 
242 189 214 182 192 161 178 143 170 123 199 117 185 85 170 91 168 105 213 114 200 78 182 90 178 109 229 115 218 80 200 91 193 110 247 119 238 91 220 92 209 104 
243 189 216 182 194 160 179 142 170 123 201 118 187 85 173 91 169 105 215 115 201 78 184 90 180 109 231 116 220 81 201 91 193 110 248 120 238 92 221 92 208 104 
243 190 216 182 195 161 180 142 171 123 203 119 189 86 174 91 170 105 216 115 203 78 185 89 181 108 232 117 221 81 202 90 193 110 249 121 239 92 222 92 209 104 
245 189 217 182 196 161 182 143 172 123 202 118 189 86 174 91 171 105 216 115 203 78 185 89 181 108 232 116 221 81 202 91 194 110 249 121 240 93 222 93 210 104 
245 190 217 182 197 160 184 142 173 123 203 119 189 87 175 92 171 105 217 115 204 79 186 89 181 108 232 117 222 81 202 91 194 110 250 121 240 93 223 93 211 104 
245 190 218 182 198 160 184 142 175 122 204 118 190 86 176 91 172 106 218 115 204 78 187 90 183 109 233 117 222 81 203 91 195 110 250 121 240 93 223 93 211 104 
245 190 219 182 198 160 184 141 175 122 205 118 192 85 177 90 174 104 218 116 205 78 188 90 184 109 233 117 223 82 203 91 195 111 250 122 241 93 223 93 211 105 
246 190 220 181 200 159 185 140 175 121 206 118 193 86 178 91 173 105 220 115 207 78 188 90 184 108 235 117 224 82 204 91 195 110 251 122 241 94 223 94 211 104 
247 189 219 180 199 158 185 139 175 119 206 118 193 85 179 90 175 104 219 115 207 78 189 89 185 108 234 116 223 81 204 91 196 111 251 121 241 93 223 94 211 105 
247 189 220 181 200 158 186 138 174 118 207 118 195 86 179 90 175 103 220 115 208 78 190 88 185 106 235 116 224 81 205 90 196 109 252 121 241 93 224 93 212 104 
248 187 221 180 200 157 187 137 175 117 207 117 194 86 180 89 176 102 220 113 208 77 191 87 186 105 235 115 224 80 206 89 198 108 253 119 242 92 224 92 213 103 
248 187 221 178 201 156 188 136 175 117 208 116 196 84 182 88 177 101 221 113 209 77 191 87 186 105 236 114 225 80 206 89 198 108 253 119 242 92 225 92 214 103 
249 186 222 177 202 154 189 134 176 114 209 115 197 84 181 87 177 100 222 112 210 76 192 86 186 104 237 113 226 79 207 88 199 107 254 118 243 91 225 92 214 103 
249 184 222 176 203 152 190 131 178 111 209 114 197 83 182 86 178 100 222 110 210 74 193 84 188 102 237 112 227 77 208 86 200 105 254 116 244 89 226 90 215 101 
250 183 223 175 204 151 191 130 178 110 210 113 198 81 183 85 179 98 224 109 211 73 194 83 189 101 239 110 228 75 208 85 201 104 255 115 244 88 227 88 216 99 
251 182 224 173 205 150 192 129 180 110 211 111 199 79 184 83 180 96 224 107 213 70 195 81 191 99 239 109 229 72 210 83 203 102 256 113 245 85 227 86 216 98 
252 181 225 172 205 148 192 128 181 108 213 110 202 77 186 81 181 94 226 106 215 69 196 79 191 97 241 108 231 71 211 81 203 100 257 112 246 84 229 85 217 96 
253 180 224 172 205 147 193 127 182 106 215 108 203 77 187 80 182 93 227 105 216 68 197 78 192 96 242 106 232 70 212 79 204 98 258 111 247 83 230 83 218 94 
253 179 225 172 205 148 193 127 183 106 216 107 205 74 189 77 184 89 229 104 218 65 199 75 193 93 243 105 234 68 214 77 206 96 259 110 249 81 231 82 220 93 
254 178 226 171 207 147 194 126 185 106 218 106 207 72 190 75 186 89 231 103 220 64 200 74 195 93 244 105 235 67 214 76 206 95 260 110 250 81 232 81 220 92 
255 178 226 170 206 145 193 124 184 103 219 105 208 71 192 75 187 89 231 102 221 63 201 73 196 92 245 104 236 67 216 76 207 95 261 110 251 81 233 81 221 91 
256 178 227 170 208 145 196 123 186 102 220 105 210 71 194 74 189 88 233 102 222 63 203 73 197 91 247 104 238 66 217 75 209 94 262 109 253 80 235 80 224 91 
257 177 228 168 209 144 195 123 188 103 221 103 211 68 196 73 191 86 234 101 224 62 205 72 201 91 248 104 240 66 220 75 212 93 263 110 254 81 237 80 226 91 
256 177 228 169 210 144 197 124 189 103 222 104 212 68 196 73 191 87 234 101 225 61 205 72 200 91 248 104 240 65 219 75 211 93 264 110 254 81 236 81 225 91 
257 178 229 170 210 145 197 125 189 104 222 104 213 68 197 73 192 86 234 102 224 62 205 73 201 92 248 105 239 66 219 76 212 95 264 110 255 81 237 81 226 92 
257 178 229 170 210 145 198 125 191 104 222 104 213 69 197 73 193 87 235 102 225 62 207 73 202 92 249 105 240 66 221 75 214 94 264 110 255 81 237 81 227 92 
257 178 229 169 210 145 197 125 190 104 221 104 212 69 197 73 193 87 234 102 224 62 207 73 203 92 248 104 240 66 221 76 215 95 264 110 255 80 239 80 228 91 
256 177 228 170 209 145 197 124 192 103 222 104 213 68 198 72 193 86 235 102 226 61 207 73 203 92 249 104 241 65 221 76 214 95 264 110 255 80 238 81 227 92 
257 178 229 169 209 145 197 124 192 103 221 104 213 68 197 73 193 86 234 102 224 62 206 73 202 92 248 105 240 66 220 76 214 95 264 110 255 81 238 81 227 92 
256 177 228 169 210 145 198 124 192 104 222 104 213 68 198 73 193 87 234 102 225 62 207 72 202 91 248 104 241 65 221 75 214 94 264 110 255 80 238 80 227 91 
257 178 229 170 210 145 198 124 190 103 221 105 213 69 197 73 192 86 234 102 224 63 206 74 202 92 248 104 239 66 220 76 213 94 264 110 254 80 237 81 226 92 
257 178 229 170 210 145 199 122 193 101 222 104 214 69 199 73 194 86 235 102 226 62 208 73 204 91 249 104 241 66 222 75 215 94 265 110 256 81 239 80 229 90 
256 177 228 169 209 145 198 123 193 103 221 104 213 68 198 72 193 86 234 102 224 62 207 73 202 92 248 104 240 66 221 75 214 94 264 110 255 80 239 80 228 91 
256 177 228 169 210 144 199 122 193 101 222 104 214 69 199 74 194 87 235 102 225 62 208 73 204 91 249 104 240 66 222 75 216 94 265 110 255 80 238 80 228 91 
257 177 229 169 210 145 198 123 191 103 222 104 214 68 199 72 194 86 235 102 225 62 207 73 203 92 249 105 241 66 221 76 214 95 265 110 256 80 239 81 228 92 
257 178 229 170 211 146 199 124 193 103 223 105 215 69 199 74 194 87 236 102 226 62 208 73 203 92 250 105 241 66 222 76 215 94 265 110 256 81 239 81 228 92 
257 178 230 170 211 146 200 124 193 103 223 105 216 68 200 72 195 86 236 102 227 62 208 73 204 92 250 105 242 66 222 76 215 95 266 111 256 81 239 81 228 92 
257 178 230 170 211 146 199 124 193 104 223 105 216 68 200 72 195 86 236 103 226 62 208 73 203 92 250 105 241 66 221 76 214 95 265 111 256 81 238 81 227 93 
257 178 229 170 210 145 198 123 193 103 223 104 215 68 199 72 195 86 235 102 226 62 208 74 204 92 249 105 241 66 222 76 215 95 265 111 256 80 239 81 229 92 
256 177 228 169 209 144 197 123 192 102 222 104 215 67 199 71 194 85 235 102 226 62 208 73 203 92 249 105 241 66 222 76 215 95 265 110 256 81 239 81 228 92 
256 177 228 169 209 145 197 124 191 104 221 104 213 68 198 72 193 86 234 101 225 62 207 73 203 92 248 104 241 65 222 76 215 95 265 109 257 80 240 80 229 92 
256 177 228 169 209 145 197 124 190 104 221 103 213 67 198 72 193 86 234 101 225 61 207 73 203 92 249 103 241 65 222 76 215 95 265 109 257 79 239 80 229 91 
256 177 228 169 209 145 197 125 189 104 220 103 212 67 197 72 192 86 233 101 224 61 207 73 203 92 248 103 241 64 222 75 215 94 265 108 257 78 240 79 229 91 
255 176 228 169 209 145 197 125 188 104 219 102 211 67 197 72 193 86 233 100 224 60 207 72 204 91 248 102 241 64 223 75 216 94 265 108 257 78 240 79 230 91 
255 177 228 169 209 145 197 125 187 104 220 103 211 67 196 72 191 86 234 100 224 60 206 72 201 91 249 103 241 64 222 75 214 93 265 108 257 78 239 78 228 90 
255 177 228 169 209 145 197 125 188 105 220 102 211 67 197 72 192 86 234 100 225 60 207 71 203 90 249 102 242 64 223 74 215 92 266 108 258 78 241 78 230 89 
255 177 228 169 209 145 196 124 188 104 219 102 211 66 196 72 192 86 233 99 224 59 207 70 203 89 249 102 241 62 222 73 215 91 266 107 257 77 240 77 229 88 
255 178 228 169 208 144 195 123 188 103 220 102 211 66 196 71 191 86 234 100 225 59 206 70 202 90 249 102 241 63 222 72 213 90 266 108 258 78 240 76 228 86 
255 177 227 169 208 145 195 124 189 103 220 101 211 65 195 71 191 86 234 99 225 58 207 70 202 89 249 101 243 61 222 71 214 90 266 107 259 76 240 76 228 87 
255 178 228 169 208 145 196 124 190 103 220 102 211 66 195 72 191 86 234 99 226 58 207 69 202 89 249 101 244 61 223 69 214 87 266 107 260 76 242 75 229 86 
255 178 228 168 209 144 196 123 188 103 219 101 210 66 195 72 191 86 234 98 226 57 208 68 203 87 249 101 245 60 225 68 216 86 267 107 262 75 244 75 232 86 
256 178 228 168 209 144 196 124 189 103 219 100 210 66 195 71 191 86 234 97 226 57 208 67 202 87 250 100 245 61 225 68 216 86 267 106 262 75 244 74 231 85 
256 178 227 168 208 144 196 123 188 102 219 100 210 66 195 71 191 85 233 97 226 57 208 67 202 87 249 100 245 61 225 68 215 86 267 106 261 76 244 74 231 84 
255 179 227 168 208 144 195 123 187 102 218 100 210 65 196 70 191 85 233 97 226 57 208 68 202 87 249 100 244 61 224 68 215 87 266 107 261 76 243 74 230 84 
256 178 227 168 208 144 195 123 188 102 218 100 210 65 195 70 190 85 233 97 226 56 207 67 202 87 248 100 244 60 223 68 214 86 265 106 260 76 242 75 229 86 
255 178 227 168 208 144 195 123 187 102 219 99 210 64 195 70 190 85 233 97 225 57 206 68 201 88 248 100 242 61 221 70 212 88 265 107 258 77 240 76 227 86 
255 179 227 168 207 144 194 123 188 102 219 100 211 64 195 70 191 84 233 98 226 57 207 67 202 87 248 101 243 61 223 69 214 87 265 108 258 77 241 76 228 86 
256 178 227 168 208 143 195 122 186 102 220 99 212 63 196 69 191 84 234 97 227 56 207 67 201 87 249 101 243 61 222 70 212 88 265 108 258 78 240 77 227 87 
255 178 227 168 207 143 195 122 187 102 220 99 211 64 195 70 190 84 234 98 227 57 207 67 201 87 249 101 244 61 223 69 213 87 265 108 259 78 241 77 227 87 
255 178 227 167 207 143 195 123 186 102 220 99 211 63 196 69 191 84 234 97 226 57 207 68 201 88 249 101 243 62 222 70 213 88 265 108 259 78 241 76 228 86 
255 178 227 168 208 144 195 123 188 102 220 100 211 64 195 69 190 84 234 98 226 57 206 68 200 88 249 101 243 62 221 69 211 88 266 107 259 77 240 75 227 85 
255 177 227 167 208 143 196 122 188 102 220 99 211 64 195 70 191 85 234 97 225 57 206 68 201 88 249 100 242 61 222 69 213 88 266 107 259 76 241 75 228 85 
254 178 227 168 208 144 196 123 189 102 219 100 210 65 195 71 191 85 233 98 226 57 207 68 202 88 249 101 243 61 223 69 214 87 266 108 259 77 242 75 228 84 
255 178 227 168 208 143 196 123 188 102 219 99 210 64 195 70 190 85 234 97 226 57 207 68 201 88 249 101 243 62 223 69 214 88 266 108 260 78 242 75 229 85 
256 179 228 169 209 144 196 123 188 102 221 100 211 65 196 71 191 86 235 98 226 57 207 68 202 88 250 101 244 61 224 69 214 88 266 108 260 77 242 75 229 85 
256 178 228 168 208 144 196 123 189 102 219 99 210 65 195 71 191 86 233 97 225 57 207 68 203 89 249 100 243 61 224 69 215 88 266 107 260 77 243 75 230 84 
256 179 227 169 208 144 196 123 188 102 219 100 210 66 196 71 192 86 234 98 226 58 208 69 203 89 249 100 244 61 224 70 216 89 267 107 261 77 243 75 230 84 
256 179 228 169 208 144 196 123 187 103 218 101 209 66 195 72 191 87 233 98 225 57 208 68 204 89 249 100 244 61 225 69 217 87 267 107 261 76 244 74 232 85 
257 179 228 169 208 144 195 123 187 103 219 100 210 65 196 72 192 87 233 98 225 57 208 69 204 89 249 100 244 61 225 70 216 88 266 107 261 76 243 75 231 84 
257 179 228 169 208 144 195 123 187 102 220 100 211 65 196 72 192 87 234 98 226 57 208 69 203 89 250 101 244 61 224 70 216 89 267 107 260 76 243 75 230 85 
257 179 228 169 209 144 195 122 186 102 220 100 211 65 196 71 192 86 234 98 227 57 208 68 203 88 250 101 245 61 225 69 216 87 267 107 261 76 243 75 230 85 
258 178 229 168 208 143 194 122 185 102 222 99 212 64 196 70 191 85 235 97 227 56 207 68 202 87 250 101 244 61 224 69 215 88 267 107 261 76 242 75 230 85 
258 179 229 168 208 143 194 122 185 102 222 100 213 64 196 70 191 84 236 98 227 56 207 68 202 87 251 101 245 61 224 69 215 88 267 107 261 76 242 74 230 85 
258 178 230 168 209 143 194 123 185 103 222 100 212 64 196 70 191 85 235 98 227 56 207 68 203 87 250 100 245 60 224 69 215 87 267 106 261 74 242 74 230 85 
258 178 229 168 209 143 194 122 185 102 221 100 212 63 197 69 193 84 235 97 227 56 209 67 205 87 251 100 245 60 225 68 217 87 267 106 261 75 243 74 231 84 
259 178 230 168 209 143 194 122 185 102 222 100 213 64 197 70 193 84 236 97 228 56 209 67 204 87 251 99 246 59 225 68 217 87 268 105 262 74 244 73 231 84 
259 179 230 168 209 143 194 122 185 102 223 100 213 64 197 70 193 84 236 97 228 56 209 67 205 86 252 100 246 59 226 68 218 86 268 106 262 75 244 74 232 84 
259 179 230 168 209 143 194 122 186 102 222 100 212 64 197 70 193 85 236 97 228 56 210 67 205 87 252 99 247 59 227 67 219 85 268 105 263 74 245 73 233 83 
260 179 230 168 209 143 195 122 185 102 223 99 213 64 197 69 194 84 237 97 229 56 210 67 206 87 252 99 247 59 227 67 220 85 269 105 263 74 246 72 234 82 
260 179 230 168 209 143 195 122 185 102 222 99 213 64 198 69 194 84 237 97 229 56 211 66 206 87 252 99 247 58 228 66 220 85 269 105 263 74 246 72 234 83 
260 179 229 167 209 143 194 122 186 102 222 99 213 63 199 68 195 83 236 96 229 55 212 66 208 86 252 99 247 59 230 66 222 84 269 105 264 74 248 71 236 81 
261 179 230 168 210 143 195 123 187 102 223 99 214 64 199 68 195 83 238 96 230 55 212 65 208 85 253 99 248 58 230 65 222 84 271 105 265 74 248 72 236 82 
261 179 230 167 210 143 196 123 188 102 223 98 214 63 199 67 196 82 237 96 230 55 213 65 208 85 253 99 249 59 231 65 223 83 270 105 265 75 249 71 237 81 
261 179 231 167 210 144 195 123 188 103 224 99 214 64 199 67 195 81 238 96 231 55 213 64 207 83 254 99 249 58 231 64 222 82 271 105 266 74 249 72 237 81 
262 178 231 167 210 143 195 123 189 103 224 98 216 62 201 66 196 79 239 96 232 54 214 63 208 83 254 99 251 58 232 63 223 82 271 105 267 73 250 71 238 82 
262 179 232 168 210 144 196 123 189 103 225 98 217 62 203 64 198 77 240 96 233 54 216 61 209 81 255 99 251 58 233 62 224 80 272 105 268 74 252 70 240 81 
263 179 232 167 211 144 196 123 190 104 225 98 219 62 204 63 198 76 240 96 235 55 217 61 210 80 256 99 253 59 235 62 226 80 273 106 269 74 254 71 241 81 
263 179 233 167 212 144 198 124 192 104 227 97 221 61 206 62 200 75 241 96 236 54 218 61 211 80 256 99 254 58 236 63 227 81 274 107 271 75 255 71 242 82 
264 178 233 167 213 144 199 124 192 104 226 96 219 60 205 61 200 74 241 95 235 53 218 61 211 80 257 99 254 58 236 62 227 81 274 106 271 75 256 71 243 80 
263 179 233 166 213 143 199 123 192 104 227 97 220 61 205 62 200 75 242 95 235 54 218 61 211 80 257 99 254 58 236 63 227 80 275 106 271 74 255 70 243 79 
263 177 233 166 213 143 200 123 192 103 226 96 219 59 205 60 200 74 240 94 235 53 218 60 211 79 256 98 253 58 236 62 227 80 274 106 271 74 256 70 244 80 
263 178 233 166 213 142 200 123 192 103 226 96 218 60 205 61 201 75 241 94 234 53 218 60 212 80 257 98 253 58 237 62 228 79 275 105 271 74 256 70 244 79 
264 178 234 166 213 143 200 123 192 103 226 96 219 60 205 61 201 75 241 94 235 53 218 60 211 79 257 98 253 57 236 62 227 80 275 105 271 73 256 69 244 79 
264 177 234 166 213 143 200 123 192 102 226 96 218 60 205 61 201 75 241 94 234 53 218 60 212 79 257 97 253 57 237 61 229 79 275 104 271 73 257 69 245 79 
264 178 234 166 213 142 200 122 193 103 226 96 219 60 206 61 201 74 241 94 235 53 218 60 212 79 258 98 254 58 237 61 228 78 276 105 272 73 257 69 245 78 
264 177 233 164 213 142 200 122 193 102 226 95 220 59 206 60 202 74 241 93 236 52 219 59 213 79 257 97 254 57 238 61 230 78 275 104 272 73 257 69 245 78 
265 177 235 165 214 142 201 121 194 101 227 95 220 60 206 61 202 74 242 94 236 52 219 59 213 78 258 97 254 57 238 60 229 78 276 104 272 72 257 68 245 77 
265 177 234 164 214 141 201 121 194 101 227 94 220 58 207 60 203 74 242 93 236 51 220 59 214 78 258 96 255 56 239 60 231 78 276 104 273 73 258 68 246 78 
265 176 235 164 214 141 200 120 194 101 227 94 221 58 207 60 203 73 242 92 236 51 220 58 214 78 259 96 255 56 238 60 230 78 277 103 273 71 258 67 246 77 
265 176 235 164 215 141 201 121 195 101 228 94 221 58 207 59 203 72 243 93 237 51 220 58 214 78 259 96 255 56 238 60 229 77 277 103 273 72 258 67 246 76 
265 177 235 165 215 141 202 120 195 100 228 94 221 58 208 60 204 73 243 92 237 51 221 58 215 78 259 96 256 56 239 60 231 78 278 103 274 72 259 67 247 76 
266 175 235 164 214 140 202 120 195 101 227 93 220 57 208 59 204 73 243 92 236 51 221 58 216 79 259 95 255 55 240 60 232 78 278 103 274 72 259 67 248 77 
264 176 234 164 214 140 202 119 195 100 227 93 221 57 208 58 203 72 243 91 237 50 221 58 215 78 259 95 256 55 239 59 231 77 277 102 274 71 259 66 247 76 
266 176 236 164 215 140 203 119 196 100 228 93 221 57 208 59 204 73 243 92 237 51 221 58 216 78 260 95 256 55 240 59 232 77 278 102 274 71 260 67 248 76 
265 175 235 162 215 139 203 118 197 99 228 92 221 56 208 59 204 73 243 91 238 50 221 58 216 78 259 94 256 55 240 59 232 76 278 102 274 71 260 66 248 75 
265 175 235 163 214 139 202 117 198 98 228 92 221 57 208 60 204 74 244 91 238 50 221 58 216 78 260 94 257 55 240 58 232 76 278 101 275 71 260 66 248 75 
266 175 235 162 215 138 203 117 198 97 228 92 221 57 209 60 205 74 243 90 238 50 222 58 217 78 260 93 256 54 240 58 233 76 278 100 274 69 259 65 248 74 
266 175 235 162 215 138 203 117 199 96 228 92 221 57 208 61 205 75 243 90 238 50 221 58 216 78 260 93 256 54 240 58 232 76 278 100 274 69 259 65 247 74 
266 175 236 162 216 138 204 116 201 96 229 92 222 57 209 61 206 75 244 90 239 50 223 58 218 78 261 93 258 53 241 58 233 76 279 100 275 68 260 64 248 75 
267 174 236 162 216 138 204 115 203 95 228 92 222 56 210 61 208 76 245 90 239 49 224 58 220 79 261 93 258 53 243 59 235 76 280 100 276 69 262 65 250 75 
268 174 237 161 216 137 205 115 204 94 228 92 222 57 211 62 209 77 245 90 240 50 226 59 221 80 262 93 259 54 244 59 237 77 281 99 277 70 263 65 251 74 
268 175 238 162 217 138 206 115 205 94 231 92 223 57 211 62 208 76 246 90 241 50 225 59 220 79 263 93 260 54 243 59 235 76 282 100 278 69 262 65 250 75 
268 173 238 161 217 137 206 115 205 95 230 91 224 56 212 61 210 76 246 90 241 49 226 59 222 79 263 93 260 53 245 59 237 77 282 100 278 70 264 66 253 76 
268 174 238 161 217 137 206 114 207 94 230 92 222 57 212 62 210 77 246 90 240 49 226 59 223 80 263 92 260 53 245 59 237 77 282 98 278 69 264 65 252 74 
268 174 238 161 217 137 206 114 206 93 230 91 224 56 213 61 211 75 247 90 242 49 227 59 223 80 264 93 261 54 246 59 238 77 282 99 278 69 264 65 252 74 
269 173 238 161 217 137 207 114 207 94 230 91 224 55 214 60 212 75 246 90 242 49 228 59 224 80 264 93 261 54 246 59 239 77 283 99 279 70 265 66 254 75 
268 174 238 162 218 137 207 114 208 93 231 92 225 56 214 60 212 75 247 90 243 50 228 59 224 80 264 93 261 54 246 59 239 77 283 99 279 70 265 65 253 74 
270 174 239 162 219 137 208 114 208 94 232 91 225 55 214 59 212 74 248 90 243 49 229 59 224 79 265 93 262 54 247 59 239 77 284 100 280 69 265 65 254 74 
269 175 240 162 219 137 208 114 209 94 232 92 227 56 216 60 214 74 249 91 245 50 230 59 226 80 265 93 263 54 248 59 240 77 284 100 280 70 266 65 255 74 
271 174 241 162 220 138 209 115 209 95 233 92 227 56 216 60 214 74 249 90 245 50 231 59 226 79 266 93 264 55 249 59 241 77 285 100 282 70 268 66 257 75 
271 174 240 162 220 138 209 115 210 95 233 92 227 56 216 59 214 73 250 90 245 50 231 59 226 79 267 93 264 54 249 59 241 77 286 100 282 70 268 65 257 75 
271 175 241 162 221 138 210 116 210 96 233 92 227 57 217 61 215 75 250 91 245 51 232 60 227 81 267 94 265 55 250 60 242 78 286 101 283 71 270 66 258 75 
271 175 242 162 222 138 211 115 211 95 234 92 228 57 218 61 215 75 251 91 247 51 233 60 229 81 268 94 266 56 251 60 244 79 287 101 284 71 270 66 259 76 
271 175 241 162 222 137 212 115 213 95 234 92 229 56 218 60 216 74 252 91 248 51 234 60 230 81 269 95 268 56 253 60 245 78 289 102 286 72 273 67 261 76 
272 176 243 163 223 138 213 116 214 96 235 92 229 57 220 61 218 76 253 91 249 52 236 61 232 81 270 95 270 57 256 60 248 78 290 102 288 73 275 67 263 75 
272 176 243 163 224 138 214 115 214 96 236 92 231 57 221 61 219 75 253 91 251 52 238 61 233 81 271 95 271 56 257 60 249 78 291 102 289 72 275 67 264 75 
273 176 243 163 224 138 215 115 216 94 237 92 232 57 222 62 220 76 254 91 252 52 238 61 234 82 272 95 272 57 258 61 250 78 291 103 290 73 277 67 265 75 
273 176 244 163 224 138 215 115 217 94 237 93 232 57 222 62 220 77 255 91 252 52 239 61 235 82 273 95 272 57 258 62 251 79 292 103 290 73 277 67 265 76 
273 176 244 163 224 138 215 114 217 94 238 93 232 57 222 62 220 77 255 91 253 52 239 61 235 81 273 95 273 57 258 61 250 79 293 103 290 72 277 67 265 76 
273 177 244 163 225 137 215 115 217 95 238 92 233 57 222 62 220 76 256 92 253 52 239 61 234 81 274 95 273 57 258 62 250 79 293 103 291 73 277 67 265 76 
273 176 244 163 224 138 215 115 217 94 238 93 233 58 222 62 219 76 256 91 253 52 239 61 235 81 274 95 273 57 259 61 251 79 293 103 291 73 278 68 266 76 
273 176 244 163 224 138 214 116 216 95 238 93 233 58 222 62 220 76 256 91 253 52 239 61 235 82 274 95 273 57 259 62 251 80 293 103 291 73 277 68 265 76 
272 176 244 162 224 137 215 114 216 94 238 92 233 57 222 61 219 75 255 91 252 52 239 61 234 82 273 95 273 57 258 62 250 80 292 103 291 73 277 67 265 76 
273 176 244 162 224 138 214 115 216 95 238 93 233 58 223 61 220 76 255 91 253 52 240 61 235 81 273 95 273 57 259 61 251 78 293 103 291 73 278 67 266 76 
273 175 244 162 224 138 214 115 216 95 238 92 233 57 223 62 220 76 255 91 253 52 239 61 235 81 273 95 273 57 259 61 250 78 292 102 290 72 277 67 265 76 
273 175 244 162 224 138 214 115 215 95 237 93 232 57 222 61 219 75 255 91 252 52 239 61 234 81 273 95 273 57 258 61 250 78 292 103 290 72 277 67 266 76 
273 175 244 162 224 137 214 114 216 94 237 92 231 57 221 61 219 75 255 91 251 51 238 61 234 81 273 94 272 57 258 61 250 78 292 102 290 72 277 67 265 75 
272 175 244 162 224 137 214 114 216 94 237 92 231 56 221 61 218 75 255 91 251 51 238 61 233 80 273 95 272 57 257 61 249 78 292 102 290 72 276 67 264 76 
273 176 244 162 224 137 215 114 217 95 238 92 233 57 223 61 220 76 255 91 253 52 239 61 235 81 273 95 273 57 258 61 250 79 292 103 290 73 277 67 265 76 
272 176 243 162 224 138 214 115 216 95 238 92 234 57 223 61 220 76 256 91 253 51 239 61 235 81 273 95 273 57 258 62 250 79 292 103 291 72 277 67 265 76 
271 176 243 162 223 137 213 115 216 95 237 92 233 57 221 61 219 76 255 91 252 51 238 61 234 81 273 95 273 57 258 62 249 80 292 103 291 73 277 68 264 77 
272 176 243 163 222 137 212 114 217 96 237 93 233 57 222 62 219 77 254 92 252 52 238 62 233 82 272 96 272 57 257 62 249 80 291 103 290 73 276 68 264 77 
271 176 243 163 222 137 212 114 216 95 237 92 231 56 220 61 218 75 254 92 251 52 237 61 233 81 272 96 271 57 256 62 247 80 291 103 289 73 275 68 262 78 
271 176 242 163 222 137 212 114 216 95 238 92 232 56 221 61 218 76 255 92 252 52 237 62 233 81 272 96 272 57 256 62 247 80 291 104 289 73 275 68 262 78 
271 175 242 162 221 137 212 115 216 96 237 92 231 56 220 61 217 75 254 91 251 51 237 61 232 81 272 95 272 57 257 62 247 79 291 104 289 74 276 69 263 78 
270 176 242 162 222 137 211 115 214 96 237 92 232 56 220 61 218 76 254 91 251 52 237 61 232 81 272 95 272 57 256 62 247 79 291 103 289 73 275 68 262 78 
271 175 242 162 221 137 211 114 215 95 236 92 232 55 221 61 218 75 253 91 251 51 238 61 233 81 271 95 272 57 257 62 248 80 290 103 289 73 275 68 263 78 
271 176 242 162 221 137 210 115 215 96 237 92 232 56 221 62 218 76 254 92 251 52 237 62 233 81 271 95 271 57 256 62 247 80 290 103 288 73 274 68 262 78 
270 175 242 161 221 137 211 114 216 96 236 91 231 55 220 61 218 75 254 91 251 51 237 61 232 81 271 95 271 57 256 63 247 81 290 103 289 72 274 68 262 78 
270 174 242 162 221 138 210 116 215 98 237 91 231 54 219 61 217 76 254 91 250 51 235 62 231 82 271 95 270 56 254 63 246 81 290 102 288 72 274 68 262 78 
269 174 241 162 220 137 210 116 216 98 236 90 231 54 219 61 217 77 253 90 249 51 235 62 231 83 271 94 270 56 254 63 246 82 290 102 288 72 274 68 262 78 
269 174 241 162 219 137 209 115 218 98 236 90 230 53 218 61 216 77 253 90 248 51 234 63 230 84 270 94 269 56 253 63 245 82 289 102 287 71 273 68 261 78 
269 174 241 161 219 138 208 117 214 99 237 90 229 53 217 61 214 77 253 90 248 51 233 64 229 85 270 94 269 56 252 63 244 82 290 102 288 71 273 68 260 78 
269 174 240 161 218 138 208 117 216 99 236 90 228 53 216 60 213 76 252 90 247 50 233 63 229 84 270 94 269 56 252 63 244 82 289 102 287 72 272 68 260 78 
269 175 240 162 218 138 207 117 214 98 236 91 229 54 217 61 214 77 252 91 247 51 233 64 229 85 270 95 268 56 252 63 244 82 289 102 287 71 272 68 260 78 
268 174 239 161 218 137 208 116 215 99 235 90 229 53 216 59 213 75 252 90 246 50 232 64 229 85 269 94 267 55 251 64 244 84 289 102 287 71 272 68 260 80 
269 175 240 163 218 139 206 117 212 99 236 91 229 54 217 61 214 77 252 90 247 50 233 64 229 85 269 94 268 55 252 63 244 82 288 101 286 70 272 68 260 78 
268 174 239 162 217 138 207 115 215 98 235 90 229 53 217 61 215 78 252 91 247 50 233 65 230 86 269 94 267 55 252 64 245 84 288 101 286 70 271 68 260 80 
269 175 240 162 217 139 205 116 213 99 236 91 229 54 217 62 215 79 252 91 247 50 232 65 230 87 269 94 267 55 251 64 244 83 288 101 285 70 271 67 260 78 
269 174 240 162 217 139 205 118 213 100 235 90 228 53 217 61 215 78 251 90 246 50 233 65 230 87 269 94 267 55 252 64 245 84 288 101 286 70 271 68 260 80 
268 174 239 162 217 138 206 116 214 99 235 90 228 52 216 61 214 78 252 90 246 50 233 66 230 87 269 94 267 54 251 65 245 84 288 100 286 69 271 67 260 79 
269 175 240 164 217 139 205 116 214 99 236 91 229 53 217 62 215 79 252 91 247 50 233 66 231 87 269 94 267 54 251 64 245 84 288 100 285 68 271 67 260 79 
269 174 240 162 217 139 205 117 214 101 236 90 228 51 216 60 215 78 252 90 246 49 232 66 230 88 269 94 266 54 250 65 244 85 288 100 285 69 270 67 260 79 
269 174 240 162 216 139 204 116 214 99 235 90 226 51 215 61 213 79 251 89 244 49 231 67 229 89 268 93 265 54 250 65 244 85 288 99 285 68 270 67 260 78 
269 175 240 162 216 138 204 117 213 100 235 90 226 52 215 62 213 79 251 89 244 49 231 66 230 88 268 93 265 54 250 64 244 84 287 99 285 68 270 67 259 78 
269 175 240 162 216 138 205 116 213 100 235 90 226 52 215 61 214 78 251 89 245 49 231 65 230 88 268 93 265 53 250 64 245 84 287 99 285 68 270 66 259 78 
269 174 240 161 216 138 205 116 213 100 235 90 227 52 216 62 215 79 251 89 245 49 232 65 231 87 268 93 266 53 250 64 245 84 287 99 284 68 270 67 259 78 
268 173 239 160 215 137 204 115 214 99 234 89 226 50 214 60 213 77 250 89 243 48 230 66 229 88 267 92 264 53 249 64 244 84 286 99 283 67 268 66 258 78 
268 173 239 161 215 137 204 114 214 98 234 89 226 51 214 60 213 77 250 89 243 48 230 64 229 87 267 92 263 52 248 63 242 83 285 98 282 66 267 65 257 77 
268 173 239 160 215 137 204 115 212 99 233 89 225 51 214 61 213 79 250 88 243 48 230 65 229 87 267 91 263 52 248 63 243 83 285 98 282 66 267 65 257 77 
267 172 237 160 214 136 202 114 212 98 233 88 225 50 213 60 213 78 249 88 242 47 229 64 228 86 265 91 262 51 246 62 242 82 284 97 280 65 265 64 256 77 
266 172 236 160 213 136 202 114 211 98 233 88 225 50 213 60 212 78 248 88 242 47 227 63 226 85 264 91 261 50 245 61 240 81 283 97 279 64 263 63 254 76 
265 172 235 160 212 136 201 113 210 97 231 88 223 50 211 60 211 78 247 88 239 46 225 63 224 85 263 90 258 50 242 61 238 82 281 96 277 64 261 64 252 76 
264 172 234 159 211 135 200 113 208 97 230 88 221 51 209 62 209 80 245 87 237 47 223 63 222 85 260 90 255 50 239 61 235 81 278 95 274 64 259 63 249 76 
264 171 233 159 209 136 197 113 205 95 228 89 217 52 207 62 208 81 243 87 234 47 221 63 222 85 258 89 252 50 237 61 234 81 276 95 270 64 256 63 247 75 
263 171 232 159 207 136 195 112 202 94 226 89 214 53 203 62 204 80 240 87 230 46 217 61 217 83 256 89 249 50 233 59 229 80 273 94 267 63 251 61 242 74 
262 171 230 160 205 135 192 112 199 93 223 89 212 54 200 63 201 81 238 87 228 46 214 60 215 82 253 89 246 49 231 59 226 79 271 93 264 62 248 61 238 73 
262 172 230 160 204 137 189 113 195 94 222 92 210 56 198 65 199 82 236 88 226 47 212 59 213 80 251 89 244 48 228 57 224 77 268 92 260 61 244 60 234 72 
262 171 229 160 203 136 187 112 192 93 221 93 208 58 196 68 198 85 234 89 224 47 210 59 211 80 249 88 241 47 225 57 222 77 266 91 257 60 240 59 231 71 
262 170 229 160 202 136 185 111 189 92 219 93 207 58 194 68 195 84 233 88 222 47 208 59 209 79 247 88 239 47 223 56 219 76 263 90 253 58 237 58 228 71 
261 169 227 159 200 136 183 111 187 92 216 93 204 59 193 68 194 84 230 88 219 47 206 58 207 79 244 87 236 47 221 55 218 75 261 89 251 58 236 57 228 70 
260 168 225 158 198 136 181 112 186 92 214 92 202 60 190 67 191 83 227 87 217 47 203 58 203 78 242 86 234 47 218 54 214 74 258 87 249 57 233 56 224 68 
258 166 224 158 196 135 179 111 184 90 212 92 200 61 188 67 189 82 225 86 214 48 200 58 200 78 239 84 230 47 215 54 212 73 255 85 245 55 230 54 221 66 
257 165 223 157 194 135 177 112 180 91 209 92 197 62 186 67 187 81 222 86 210 49 197 58 197 77 237 83 227 47 213 53 210 72 253 83 243 55 228 53 219 64 
255 164 222 157 194 136 176 114 178 92 209 91 195 62 184 68 185 82 221 85 208 49 195 59 195 78 235 83 224 47 210 54 207 73 252 83 241 55 226 53 216 63 
253 164 220 158 194 137 176 116 173 94 207 92 193 64 181 70 181 84 219 85 206 49 192 59 191 78 233 82 222 46 207 54 204 74 250 83 238 54 223 53 213 65 
252 164 219 158 192 137 174 116 172 95 206 92 191 64 179 70 180 84 218 86 204 49 190 59 190 79 232 83 220 47 205 55 202 74 248 83 236 54 220 53 211 65 
251 164 218 158 190 138 171 117 171 96 204 92 190 64 178 70 179 85 216 86 202 49 189 59 189 79 230 83 218 46 204 54 201 74 246 83 235 54 219 53 210 64 
250 164 216 158 188 138 170 117 167 95 203 93 190 64 179 70 179 84 215 86 202 50 188 60 188 80 229 83 218 47 203 55 201 74 244 83 234 55 219 53 210 64 
248 164 216 158 187 138 169 117 171 96 202 92 188 63 177 70 179 84 214 86 201 49 188 60 189 80 228 83 217 47 203 55 201 75 244 83 234 55 219 52 210 63 
248 164 214 157 187 137 168 116 168 94 202 92 189 63 177 69 178 83 214 86 201 49 187 60 187 80 227 83 218 47 202 55 199 75 243 84 233 55 218 53 208 66 
246 164 213 157 185 137 167 116 168 94 201 92 188 62 178 69 179 83 213 86 201 49 188 61 188 81 227 84 218 48 203 56 200 76 243 85 233 57 219 55 210 66 
246 165 213 158 185 138 167 117 168 96 201 93 189 63 178 69 179 83 213 87 202 50 188 61 189 80 227 85 218 48 204 56 200 75 242 86 233 57 219 55 209 67 
246 165 213 158 185 138 167 117 168 95 201 93 189 64 178 69 178 83 213 87 201 50 187 61 187 81 227 85 217 49 202 57 199 76 242 86 233 58 218 56 208 67 
246 165 213 159 184 138 166 117 169 95 202 93 189 64 177 70 178 84 213 88 201 51 187 62 187 82 226 85 217 49 202 58 199 78 242 86 233 58 217 56 208 68 
246 165 213 159 185 139 166 117 169 96 202 93 189 64 177 71 178 85 213 87 201 51 187 62 187 82 226 85 217 49 202 57 199 77 242 86 233 58 218 56 208 68 
245 164 213 158 184 138 166 117 169 96 202 93 189 64 177 70 177 84 213 87 201 51 187 61 187 81 227 85 217 49 201 57 198 77 242 85 232 57 217 56 207 68 
246 164 214 158 185 138 166 117 168 96 203 93 190 65 178 70 178 83 214 87 201 51 187 62 187 81 227 85 217 49 202 57 199 77 242 85 233 57 217 55 208 67 
246 164 213 158 185 138 166 116 168 95 202 93 189 64 177 70 177 84 213 87 201 51 186 62 186 82 227 85 217 49 201 57 198 77 242 85 232 57 217 56 207 68 
246 164 213 158 185 138 166 117 168 96 202 93 189 64 177 70 177 84 214 87 201 50 187 61 187 81 227 85 217 49 202 57 199 77 243 85 233 57 217 55 207 67 
246 164 213 158 184 137 166 116 168 94 202 93 189 64 178 69 178 83 213 87 200 51 187 62 188 82 226 85 217 49 202 58 199 78 242 85 233 57 218 55 208 66 
246 164 213 158 185 138 167 116 170 95 202 93 189 64 178 70 178 84 213 87 201 50 187 61 187 81 227 85 217 49 201 57 198 77 242 85 232 57 217 55 207 67 
246 164 213 158 185 138 167 117 169 95 202 93 190 64 178 69 179 83 214 87 202 50 188 61 188 81 227 85 218 49 203 57 200 77 243 86 233 57 218 56 208 67 
246 165 214 159 185 138 167 116 168 94 203 93 191 64 179 69 179 83 214 87 202 51 188 62 188 81 228 85 218 49 203 58 200 77 243 86 234 58 219 55 209 67 
247 165 214 159 186 138 168 115 169 93 204 93 193 63 181 68 181 82 216 87 204 50 190 61 190 81 229 86 220 50 205 58 201 77 245 87 235 58 220 56 210 66 
247 165 215 158 186 138 168 115 173 95 205 92 193 62 181 68 182 83 217 87 204 50 190 62 192 82 230 85 220 49 205 59 203 79 246 87 236 58 221 56 211 67 
248 166 215 159 187 137 169 114 174 94 206 92 195 61 184 67 184 81 218 87 207 50 193 61 194 81 232 86 224 49 208 58 205 78 248 88 239 59 223 56 213 66 
248 165 216 159 188 136 170 113 175 93 208 91 197 61 184 68 185 83 220 87 209 49 194 60 195 80 233 86 225 49 209 57 206 77 249 88 240 59 224 57 214 68 
249 165 217 157 189 135 171 113 174 94 209 90 197 60 185 67 185 82 221 86 210 48 195 60 195 79 234 85 226 48 210 58 206 77 250 88 241 58 224 58 214 70 
249 165 217 158 189 135 172 112 178 94 210 90 198 58 186 67 186 82 222 86 210 47 195 60 196 80 235 85 226 47 209 58 207 79 251 88 241 57 224 58 215 71 
249 166 218 159 190 136 173 112 179 94 210 91 199 58 187 66 188 81 222 86 212 47 197 60 198 80 236 86 228 47 211 58 209 79 252 88 243 58 226 57 217 70 
250 167 218 160 191 136 175 112 181 94 211 91 200 59 188 66 188 81 223 87 212 47 197 59 198 79 237 86 228 48 212 58 209 78 252 89 243 58 226 57 217 70 
251 167 219 160 191 137 175 112 183 94 211 91 200 58 188 67 188 83 223 87 213 47 198 60 199 80 237 86 229 48 212 58 209 79 253 89 243 58 227 58 218 71 
252 168 220 160 192 137 175 113 182 94 212 92 201 59 188 68 189 83 224 88 213 48 198 61 199 81 238 87 229 48 212 59 210 80 254 89 244 59 227 58 218 71 
252 168 220 161 192 138 176 113 183 95 213 92 202 59 189 68 191 84 225 88 214 48 199 61 200 81 239 87 230 48 213 59 211 80 254 90 245 59 228 59 219 72 
252 169 221 162 193 138 176 113 184 96 214 93 203 59 190 68 191 84 226 89 215 49 200 62 201 81 240 88 231 49 214 60 212 81 255 91 246 61 229 61 221 74 
253 170 222 163 194 138 178 113 187 96 215 93 204 59 191 68 191 84 227 89 217 49 201 62 202 81 241 89 233 50 216 61 213 81 256 92 247 61 230 62 221 75 
254 171 222 163 193 138 177 113 185 96 214 94 204 60 191 69 192 85 227 90 217 49 202 62 203 81 240 89 233 49 216 60 213 80 256 92 247 61 230 61 222 74 
255 172 223 164 195 140 177 115 184 97 215 95 204 62 191 70 192 86 227 90 217 50 202 62 203 81 241 90 233 50 216 60 213 80 256 92 247 62 230 61 221 74 
255 171 222 164 194 138 179 112 188 96 214 94 204 61 191 71 192 87 226 90 217 49 202 62 203 82 240 89 233 50 217 60 213 81 256 93 247 62 231 62 222 74 
255 172 223 165 195 140 178 115 186 98 215 95 204 61 191 71 192 86 227 91 217 49 202 62 203 82 241 90 233 50 216 61 214 81 256 93 247 61 230 62 222 75 
256 173 223 165 195 141 179 116 186 99 215 96 204 62 191 71 192 87 227 91 216 50 201 63 203 83 241 90 232 50 215 61 213 82 256 93 246 62 230 62 221 74 
256 173 223 165 195 141 178 116 184 98 215 96 203 63 190 72 191 87 227 91 216 50 200 63 202 83 241 90 232 50 215 61 212 81 256 93 247 62 230 62 221 74 
256 173 224 166 195 142 178 118 186 100 215 97 203 63 190 72 192 88 227 92 215 50 200 64 202 84 241 91 231 50 215 62 213 83 256 94 246 62 229 62 221 75 
257 174 224 167 196 143 178 120 183 101 215 98 202 64 189 73 190 88 227 93 214 51 199 65 201 86 240 92 230 51 214 63 212 84 255 94 245 63 229 63 221 76 
257 174 224 167 196 143 178 119 183 100 214 97 202 64 189 73 190 89 226 92 214 51 199 65 201 86 240 91 230 51 214 63 212 84 255 94 246 63 229 63 220 76 
257 176 224 167 196 144 177 121 182 102 214 99 202 65 189 74 190 90 226 94 214 52 199 66 201 87 240 93 230 52 214 64 212 85 255 95 245 63 228 64 220 77 
258 176 225 169 196 146 178 122 184 102 214 99 202 65 188 74 189 90 226 94 214 53 198 67 200 87 240 93 230 52 213 64 211 86 255 95 245 64 228 65 220 79 
258 176 225 170 196 147 178 123 182 103 214 100 201 66 188 75 189 91 226 95 214 53 198 66 199 87 240 94 230 52 213 64 211 85 255 96 245 64 228 65 219 79 
259 177 226 171 197 147 177 122 180 102 214 101 201 67 188 76 189 92 226 95 213 53 198 67 199 88 240 94 230 53 213 65 211 86 255 96 244 64 227 65 219 79 
259 178 225 171 196 146 177 122 178 101 214 101 202 67 188 75 187 90 226 96 213 54 197 68 198 89 240 94 230 53 212 66 210 87 255 96 244 65 227 66 219 80 
259 177 225 170 196 146 179 121 181 101 214 100 202 65 188 74 189 90 226 95 214 54 198 68 199 89 240 95 231 53 214 65 212 87 256 97 246 65 228 66 220 80 
259 178 226 171 197 148 178 124 181 103 214 101 202 67 188 76 189 92 226 96 214 54 199 68 200 88 240 94 230 53 214 65 212 86 256 96 245 65 228 66 220 80 
259 178 226 170 198 146 180 122 181 101 215 100 202 66 188 74 189 90 227 96 214 54 198 68 199 89 241 95 231 54 213 66 211 88 256 97 245 66 228 66 220 80 
259 178 226 171 198 147 179 123 182 102 215 101 202 66 189 75 189 91 227 96 215 53 199 67 200 88 241 95 231 53 214 65 211 86 256 97 245 65 228 66 219 80 
259 177 226 170 197 146 179 122 183 102 214 101 202 65 188 75 189 92 227 95 215 53 199 67 200 88 241 94 231 53 214 65 212 86 256 96 245 65 228 66 220 81 
259 178 226 170 198 146 179 122 180 102 215 101 202 66 188 75 188 91 227 96 214 54 198 67 199 88 240 95 231 53 213 65 211 86 256 97 245 65 228 66 219 80 
259 177 225 169 197 145 179 121 182 101 215 100 202 66 189 75 190 92 227 94 215 53 199 67 201 88 240 94 231 53 214 64 212 86 256 96 245 65 229 65 220 79 
259 176 226 169 197 146 178 122 182 101 214 100 202 65 189 75 190 92 226 94 215 52 200 66 201 87 240 93 231 52 214 64 213 85 256 95 245 64 228 65 220 79 
258 175 224 167 196 143 178 119 182 100 214 98 201 64 188 74 190 91 226 93 214 52 199 66 200 87 240 92 230 52 214 64 212 85 256 95 245 64 229 65 220 78 
258 174 224 166 196 141 178 117 183 98 215 97 202 63 189 73 190 89 227 92 215 51 200 64 201 85 241 91 232 51 215 62 212 83 256 94 246 63 229 63 220 77 
257 173 224 165 196 141 179 116 184 97 215 95 202 62 189 72 191 88 227 91 215 50 200 63 201 84 241 90 232 51 215 61 212 82 256 93 246 63 230 62 221 74 
257 172 224 163 196 139 178 115 184 96 216 94 203 61 190 71 191 87 228 89 216 49 200 62 202 83 241 89 232 49 215 60 212 81 257 92 246 61 229 61 220 73 
258 172 225 163 197 139 178 115 183 96 216 95 203 62 190 71 190 87 227 90 215 50 200 62 200 82 241 89 232 50 214 59 211 79 256 91 246 61 229 60 220 72 
258 170 225 163 197 138 179 114 184 94 216 94 203 61 190 70 190 86 228 89 216 49 200 62 201 82 241 88 232 49 215 59 211 80 257 90 247 59 230 60 220 73 
258 170 225 162 197 138 179 114 183 94 216 93 203 61 190 70 191 86 228 88 216 49 201 61 201 81 242 88 233 49 216 58 212 78 257 90 247 60 231 59 221 72 
258 170 225 161 197 137 180 112 186 93 216 92 204 60 191 69 191 85 228 88 217 48 201 61 202 81 242 87 233 48 216 59 212 79 258 90 248 59 231 60 222 73 
259 170 227 162 199 138 181 113 186 94 217 93 206 60 193 69 192 84 230 88 220 48 203 60 203 80 243 88 236 48 218 58 214 78 259 91 249 60 232 60 223 72 
260 170 228 162 200 138 182 113 186 94 218 93 206 60 193 69 193 84 231 88 220 48 204 60 204 80 244 88 236 49 219 58 215 78 260 91 250 61 234 60 225 72 
261 170 227 161 199 136 182 110 188 90 218 92 207 59 194 68 194 83 231 88 220 48 204 60 205 80 245 87 237 48 219 58 215 78 260 90 251 60 234 59 225 72 
261 171 229 162 201 137 184 111 189 91 220 93 209 60 196 68 195 83 232 89 222 48 206 59 206 79 246 88 238 49 221 57 217 77 262 91 253 61 236 59 227 71 
263 169 229 161 202 136 185 111 190 90 220 93 208 59 196 68 197 84 233 88 222 47 207 59 207 80 247 87 238 48 222 57 218 78 262 90 253 60 237 59 227 71 
263 171 230 163 202 136 186 109 193 90 220 93 210 59 197 67 197 83 234 89 224 48 208 59 208 79 248 88 241 49 223 58 219 78 264 91 255 61 239 60 229 72 
265 170 232 162 204 137 188 111 194 91 223 92 212 58 199 67 199 84 236 88 226 47 210 59 210 79 250 88 242 48 225 57 221 78 266 91 256 60 240 59 230 72 
266 171 233 162 205 137 189 111 197 91 224 92 212 58 200 67 200 84 237 88 227 47 212 58 212 79 251 88 244 48 227 57 223 77 267 91 257 60 241 59 232 72 
266 171 233 162 207 137 191 111 197 91 225 92 214 57 201 67 201 84 238 88 229 46 213 58 213 78 253 88 245 47 228 57 224 77 269 91 259 60 242 59 233 72 
267 171 234 162 208 137 192 112 198 91 226 92 213 57 201 67 203 84 239 88 228 46 214 59 215 79 253 88 245 47 229 57 226 77 270 91 260 60 244 59 235 71 
269 172 236 163 209 137 193 111 198 91 227 92 215 58 203 68 205 84 240 88 229 46 214 59 215 79 254 88 246 47 229 57 227 77 271 91 261 59 244 59 236 72 
270 172 237 163 210 137 195 111 203 92 228 92 216 56 204 67 206 84 241 88 230 46 216 59 217 79 256 89 247 47 231 58 229 78 272 92 262 60 246 60 238 72 
270 173 238 164 211 138 197 113 203 93 229 92 216 56 205 68 207 85 242 88 231 46 217 60 218 81 257 89 248 48 232 59 230 79 273 92 264 61 248 60 240 72 
272 173 239 163 213 138 198 112 205 93 230 92 218 56 206 67 208 85 244 89 232 46 218 60 219 80 259 89 249 48 233 59 231 79 275 93 266 61 250 61 241 73 
272 174 240 164 214 138 199 113 205 93 231 92 218 55 207 67 209 85 245 89 234 46 220 60 221 81 260 89 251 48 235 59 232 79 276 93 268 61 252 61 243 73 
273 175 241 164 215 138 200 113 206 94 232 92 219 55 207 67 209 85 246 89 235 47 220 61 221 81 261 90 253 49 236 60 233 80 278 94 270 63 253 62 244 74 
274 176 242 165 217 139 203 115 208 95 233 93 220 57 210 68 211 86 247 90 236 48 222 63 223 83 263 91 254 51 239 62 235 82 280 95 272 65 256 63 246 74 
276 177 244 166 218 140 204 115 210 95 235 93 223 56 212 67 213 85 250 91 238 49 225 63 225 84 265 92 256 52 240 62 237 83 282 96 274 66 258 64 248 75 
277 179 247 168 221 142 211 116 219 100 237 95 227 56 214 66 214 83 253 93 242 51 227 66 227 86 269 95 260 55 243 66 239 86 287 100 279 68 263 67 253 78 
280 180 248 168 222 142 209 117 217 99 238 96 227 57 216 66 216 82 254 94 244 53 231 68 232 89 271 96 263 57 248 67 244 87 289 101 283 71 268 69 258 79 
280 180 250 168 225 143 212 120 217 103 239 96 229 58 218 67 217 83 256 95 246 54 233 70 233 91 273 97 265 58 250 69 246 89 291 103 285 72 270 70 260 80 
282 181 251 169 227 143 215 120 220 102 241 96 230 58 218 66 217 83 258 95 248 55 234 71 234 91 275 98 267 59 252 70 247 89 294 104 289 73 273 71 263 82 
285 184 255 172 229 145 217 121 222 103 244 99 233 60 222 71 222 89 261 97 251 56 238 73 238 93 278 99 270 60 255 72 251 91 296 104 290 73 275 72 265 83 
288 187 257 174 232 147 221 122 227 103 248 102 239 64 229 75 229 93 264 100 256 58 243 73 244 94 280 102 275 62 260 72 256 92 298 107 293 76 278 74 269 84 
291 188 259 175 234 148 223 122 232 107 251 103 244 66 234 79 235 97 267 102 260 60 248 76 249 97 283 104 278 64 264 74 261 94 300 109 295 78 281 76 271 85 
293 189 262 175 238 150 227 125 234 109 254 104 246 68 236 80 237 98 269 103 263 62 251 78 251 99 285 105 281 66 267 76 264 97 303 110 298 79 283 77 274 88 
296 190 266 178 241 153 229 129 237 111 257 106 248 70 239 81 240 99 272 104 265 64 253 80 254 102 289 106 283 67 269 79 267 99 307 111 301 81 286 79 277 89 
299 191 269 180 244 156 233 132 240 114 259 108 251 73 241 85 243 102 275 106 267 66 255 83 256 105 292 108 286 69 272 81 269 102 310 113 304 82 289 81 280 92 
304 193 273 181 248 158 236 136 240 118 260 111 249 76 241 87 243 104 276 108 267 69 256 87 258 108 294 109 287 72 274 84 272 104 313 114 307 84 293 83 283 93 
309 195 278 183 253 161 242 140 243 122 263 112 253 78 247 91 250 109 280 110 270 71 261 90 263 111 297 110 289 73 279 86 277 106 317 114 310 85 297 84 288 94 
314 197 282 185 258 159 246 138 237 122 268 115 259 80 254 93 257 109 285 112 276 74 267 92 269 112 302 113 295 77 284 90 283 109 322 117 315 89 302 87 294 96 
318 198 285 185 262 159 250 137 242 121 274 116 265 82 260 94 263 111 291 113 281 76 272 94 273 114 308 114 300 78 290 91 288 111 327 118 322 90 308 89 300 100 
321 199 289 186 265 159 254 136 251 121 281 115 273 82 266 93 268 110 298 113 289 76 279 93 279 113 315 115 307 79 297 91 294 112 335 119 329 91 315 91 306 102 
329 200 298 187 273 161 259 138 258 119 289 118 280 84 274 97 276 113 305 116 297 77 287 96 287 116 323 117 315 78 304 93 302 115 343 121 337 91 324 92 316 105 
332 199 303 188 279 164 273 141 285 127 291 118 284 83 278 97 281 114 309 116 301 77 292 96 294 117 326 117 320 78 309 94 309 116 346 122 341 90 328 93 321 106 
335 199 306 186 282 160 276 136 287 123 294 119 286 85 278 97 281 113 311 116 303 78 294 96 297 117 329 117 323 78 312 93 311 114 348 120 344 90 331 92 324 105 
339 198 309 186 286 161 282 137 295 126 297 118 290 85 283 97 285 113 314 116 308 77 298 95 301 115 332 116 327 78 316 92 316 112 351 120 347 89 334 91 328 104 
345 197 314 186 290 158 288 134 303 126 301 118 294 84 287 97 290 113 318 115 312 77 303 94 306 114 336 116 331 77 321 91 321 111 355 119 350 89 338 91 333 104 
351 197 319 185 296 158 294 133 310 127 308 118 301 84 295 96 298 111 325 115 318 76 310 92 313 111 341 115 337 77 327 90 327 110 360 118 356 88 344 90 339 103 
359 196 325 183 301 155 300 130 318 125 314 117 308 84 301 92 304 107 330 113 325 75 316 88 319 108 347 113 344 76 334 87 334 107 366 116 362 87 351 88 346 102 
365 195 332 181 308 154 308 129 325 123 321 116 314 83 308 93 311 108 337 112 330 75 323 88 326 108 354 112 348 75 340 87 341 106 373 114 368 85 358 87 354 101 
370 193 338 180 315 152 317 127 334 120 328 115 319 82 315 94 318 109 344 111 337 73 330 88 333 107 361 111 355 74 346 86 348 106 380 114 374 85 363 88 360 102 
376 192 344 178 321 152 321 128 337 122 333 114 326 81 323 93 327 109 350 110 343 73 337 87 341 106 367 110 362 74 355 86 356 104 386 114 382 85 372 87 368 98 
383 192 351 179 329 153 327 130 341 122 340 115 333 82 329 93 333 108 356 110 349 73 344 88 347 107 372 110 367 73 360 85 362 104 391 113 386 84 377 85 373 97 
388 192 357 178 336 153 336 131 348 122 346 115 338 82 335 96 340 111 362 110 354 73 349 89 354 109 379 109 372 72 366 86 369 107 397 112 390 83 382 85 379 99 
395 193 364 179 343 154 345 132 358 125 351 117 343 85 342 98 346 113 368 111 360 74 357 90 361 109 385 110 378 74 374 87 377 106 404 113 399 86 391 87 388 98 
403 195 372 181 350 156 351 134 364 125 358 119 348 87 350 100 355 116 375 113 367 77 366 91 371 110 393 112 385 77 383 88 388 106 411 115 406 88 401 88 399 98 
413 197 382 183 361 160 359 138 371 128 371 121 360 91 362 104 368 119 387 116 378 80 378 94 382 112 403 115 395 80 394 91 399 108 422 119 416 91 410 90 409 100 
427 199 397 186 377 162 378 140 388 129 383 125 372 95 380 107 387 122 400 119 391 84 398 95 403 112 416 118 409 84 414 93 420 109 435 121 430 95 429 96 431 107 
437 205 415 191 403 167 406 146 412 131 400 129 390 98 401 104 408 117 417 125 411 88 422 97 427 112 433 125 429 91 439 98 445 113 450 129 447 105 451 107 454 118 
458 208 436 196 423 175 421 154 422 138 424 134 413 104 417 111 422 122 440 130 434 97 439 108 442 124 457 131 455 100 460 109 463 124 477 136 475 114 476 116 476 126 
478 201 455 192 440 179 432 168 428 163 448 140 443 114 447 123 450 135 465 136 464 105 468 116 469 132 483 137 485 108 487 118 488 134 501 142 502 120 502 125 500 138 
-1 -1 -1 -1 -1 -1 -1 -1 -1 -1 -1 -1 -1 -1 -1 -1 -1 -1 -1 -1 -1 -1 -1 -1 -1 -1 -1 -1 -1 -1 -1 -1 -1 -1 -1 -1 -1 -1 -1 -1 -1 -1 
-1 -1 -1 -1 -1 -1 -1 -1 -1 -1 -1 -1 -1 -1 -1 -1 -1 -1 -1 -1 -1 -1 -1 -1 -1 -1 -1 -1 -1 -1 -1 -1 -1 -1 -1 -1 -1 -1 -1 -1 -1 -1 
-1 -1 -1 -1 -1 -1 -1 -1 -1 -1 -1 -1 -1 -1 -1 -1 -1 -1 -1 -1 -1 -1 -1 -1 -1 -1 -1 -1 -1 -1 -1 -1 -1 -1 -1 -1 -1 -1 -1 -1 -1 -1 
227 198 209 185 198 167 187 149 178 133 224 163 220 149 216 139 211 132 234 159 235 142 230 129 223 119 242 155 247 136 243 122 237 111 247 152 254 132 254 119 251 109 
222 188 202 177 192 163 186 147 181 135 214 164 209 148 206 142 204 138 227 160 226 142 222 132 218 126 238 155 241 136 238 126 235 118 246 151 252 134 252 123 251 113 
231 174 208 167 194 159 186 147 181 137 214 164 206 149 203 146 204 146 228 159 221 143 217 136 217 135 241 153 236 136 233 129 233 128 251 147 253 132 254 121 255 114 
-1 -1 -1 -1 -1 -1 -1 -1 -1 -1 -1 -1 -1 -1 -1 -1 -1 -1 -1 -1 -1 -1 -1 -1 -1 -1 -1 -1 -1 -1 -1 -1 -1 -1 -1 -1 -1 -1 -1 -1 -1 -1 
-1 -1 -1 -1 -1 -1 -1 -1 -1 -1 -1 -1 -1 -1 -1 -1 -1 -1 -1 -1 -1 -1 -1 -1 -1 -1 -1 -1 -1 -1 -1 -1 -1 -1 -1 -1 -1 -1 -1 -1 -1 -1 
